58260.103762 4.591048 0.001259 0.85 38.6394 65.7266 38.9320 929.95 200.00 GMRT band3+5
58260.103762 4.604728 0.004971 0.33 30.7488 33.0421 38.9320 449.95 100.00 GMRT band3
58260.103762 5.244926 inf inf 68.3246 68.9488 44.3200 1409.95 100.00 GMRT band5
58276.938252 4.592715 0.000730 1.23 21.2383 29.4923 15.5905 929.95 200.00 GMRT band3+5
58276.938252 4.594508 0.002843 1.31 17.6871 21.3266 13.6730 449.95 100.00 GMRT band3
58276.938252 4.875806 inf inf 29.6540 29.2121 24.5020 1409.95 100.00 GMRT band5
58307.841493 4.593809 0.000564 0.50 70.7278 174.1419 27.5800 929.95 200.00 GMRT band3+5
58307.841493 4.582341 0.007213 0.45 26.5977 26.2468 27.5800 449.95 100.00 GMRT band3
58307.841493 4.515274 inf inf 8.1148 8.2279 24.1280 1409.95 100.00 GMRT band5
58322.757234 4.592740 0.000228 0.17 22.1257 21.8789 9.1440 929.95 200.00 GMRT band3+5
58322.757234 4.591900 0.000516 0.10 2.1782 2.1986 8.4310 449.95 100.00 GMRT band3
58322.757234 4.774239 inf inf 19.0116 19.0116 25.5960 1409.95 100.00 GMRT band5
58340.733160 4.592151 0.000574 0.90 20.3863 21.1962 11.5895 929.95 200.00 GMRT band3+5
58340.733160 4.591238 0.001956 0.98 19.8983 20.6274 10.1870 449.95 100.00 GMRT band3
58340.733160 4.859250 inf inf 27.9147 27.9766 26.1320 1409.95 100.00 GMRT band5
58355.678414 4.592842 0.000408 0.20 15.8576 15.0227 12.3540 929.95 200.00 GMRT band3+5
58355.678414 4.591637 0.000910 0.14 2.9952 3.0802 9.2020 449.95 100.00 GMRT band3
58355.678414 4.358572 inf inf 24.5262 24.0923 33.9310 1409.95 100.00 GMRT band5
58371.698206 4.592588 0.000916 1.03 24.3456 24.1699 16.8425 929.95 200.00 GMRT band3+5
58371.698206 4.593730 0.002344 1.20 24.0568 24.0777 15.7765 449.95 100.00 GMRT band3
58371.698206 4.413849 inf inf 18.7357 19.1642 31.2170 1409.95 100.00 GMRT band5
58389.571586 4.591040 0.003420 0.79 31.7587 34.4065 22.9835 449.95 100.00 GMRT band3
58453.439409 4.591856 0.000537 0.56 145.0527 113.3428 63.1365 929.95 200.00 GMRT band3+5
58453.439409 4.586389 0.006959 0.64 104.8047 34.0920 63.1365 449.95 100.00 GMRT band3
58453.439409 4.654767 inf inf 6.4958 6.5882 39.7010 1409.95 100.00 GMRT band5
58481.383216 4.591837 0.001293 1.11 659.9877 634.7571 22.5460 929.95 200.00 GMRT band3+5
58481.383216 4.591145 0.004645 1.25 39.0458 58.4042 18.6360 449.95 100.00 GMRT band3
58481.383216 -2.775636 inf inf 771.7072 772.0571 524.9075 1409.95 100.00 GMRT band5
58510.339526 4.610396 0.014151 1.53 121.4743 85.1330 44.9605 449.95 100.00 GMRT band3
58524.292998 4.592340 0.000596 0.62 34.0622 34.4584 23.5285 929.95 200.00 GMRT band3+5
58524.292998 4.592844 0.003278 0.73 25.2968 24.9745 23.5285 449.95 100.00 GMRT band3
58524.292998 4.685154 inf inf 9.6800 9.7214 26.0035 1409.95 100.00 GMRT band5
58567.072396 4.606984 0.011750 41.14 335.9306 299.2339 70.2620 929.95 200.00 GMRT band3+5
58567.072396 4.591607 0.012299 2.71 146.6893 166.9912 79.1450 449.95 100.00 GMRT band3
58567.072396 14.510731 inf inf 1039.0022 1037.9547 51.6825 1409.95 100.00 GMRT band5
58413.627951 4.592485 0.001995 27.74 169.5809 82.8776 35.0990 879.66 400.00 GMRT band3+5
58413.627951 4.600583 0.004466 25.47 76.3947 56.7191 44.3570 399.22 200.00 GMRT band3
58413.627951 4.626872 inf inf 7.9805 8.4849 11.3740 1360.10 200.00 GMRT band5
58431.576678 4.632200 0.013006 199.70 1455.0717 1378.8490 179.3690 879.66 400.00 GMRT band3+5
58431.576678 4.483769 0.021084 70.29 1435.4473 1364.3584 190.2610 399.22 200.00 GMRT band3
58431.576678 4.647796 inf inf 12.8730 3.6440 16.3755 1360.10 200.00 GMRT band5
58809.451447 4.592683 0.000122 1.01 10.2184 10.0431 4.8460 399.80 200.00 GMRT band3
58833.417014 4.593325 0.000322 0.98 19.4145 20.3561 12.7170 399.80 200.00 GMRT band3
58846.379340 4.592754 0.000123 1.40 10.3509 10.2723 5.1140 399.80 200.00 GMRT band3
58860.352720 4.592700 0.000117 1.07 6.2153 6.0247 4.4340 399.80 200.00 GMRT band3
58874.332523 4.592495 0.000147 1.21 9.6842 11.4120 5.4390 399.80 200.00 GMRT band3
58896.189641 4.592465 0.000383 1.84 46.2366 56.7973 14.7035 399.80 200.00 GMRT band3
58911.140336 4.591926 0.000276 0.49 28.8758 34.8489 20.8460 399.80 200.00 GMRT band3
59156.630961 4.592741 0.000427 4.12 610.6324 48.4859 7.8945 879.85 400.00 GMRT band3+5
59156.630961 4.592675 0.000464 4.45 34.4774 35.2762 6.7290 399.61 200.00 GMRT band3
59156.630961 4.484313 inf inf 25.3525 24.9051 30.8915 1360.10 200.00 GMRT band5
59175.508854 4.592570 0.000256 1.37 10.1477 8.9698 7.0200 399.61 200.00 GMRT band3
59187.549248 4.592959 0.000108 0.55 49.7763 40.2992 16.7080 879.85 400.00 GMRT band3+5
59187.549248 4.592933 0.000215 0.61 42.3753 26.9047 19.5630 399.61 200.00 GMRT band3
59187.549248 4.596411 inf inf 0.8582 0.8096 8.2220 1360.10 200.00 GMRT band5
59208.456076 4.592676 0.000171 0.83 157.4659 857.8395 6.7350 879.85 400.00 GMRT band3+5
59208.456076 4.592617 0.000189 0.88 8.8825 23.3720 6.3230 399.61 200.00 GMRT band3
59208.456076 4.605811 inf inf 3.0563 2.6270 22.4755 1360.10 200.00 GMRT band5
59217.415220 4.592858 0.000112 1.81 14.2450 14.4956 3.3270 879.85 400.00 GMRT band3+5
59217.415220 4.592880 0.000112 1.73 4.7063 5.2186 3.1965 399.61 200.00 GMRT band3
59217.415220 4.735011 inf inf 33.2687 33.2414 16.5800 1360.10 200.00 GMRT band5
59230.371528 4.592715 0.000261 2.16 184.0208 190.3371 9.2180 879.86 400.00 GMRT band3+5
59230.371528 4.592624 0.000314 2.34 19.1750 19.5396 8.9170 399.62 200.00 GMRT band3
59230.371528 4.600060 inf inf 1.7117 1.7175 18.6765 1360.11 200.00 GMRT band5
59238.472917 4.593438 0.000755 3.29 650.0142 687.5010 18.6050 879.86 400.00 GMRT band3+5
59238.472917 4.593442 0.000853 3.51 34.4017 24.3798 17.0580 399.62 200.00 GMRT band3
59238.472917 4.847111 inf inf 59.4848 58.8771 37.6410 1360.11 200.00 GMRT band5
59264.254398 4.592228 0.000211 2.66 48.1153 289.0629 7.5040 879.86 400.00 GMRT band3+5
59264.254398 4.591982 0.000248 2.48 15.0741 27.1249 7.1360 399.62 200.00 GMRT band3
59264.254398 4.540879 inf inf 12.1289 12.0094 13.5475 1360.11 200.00 GMRT band5
59281.176968 4.592739 0.000185 2.62 36.2692 36.2126 6.7270 879.86 400.00 GMRT band3+5
59281.176968 4.592728 0.000213 2.83 12.1611 12.1865 6.2420 399.62 200.00 GMRT band3
59281.176968 4.531260 inf inf 14.3793 14.3789 16.2080 1360.11 200.00 GMRT band5
59288.180613 4.592683 0.000514 3.56 633.0263 639.9218 11.0080 879.86 400.00 GMRT band3+5
59288.180613 4.592656 0.000739 3.86 72.9168 42.3683 9.2790 399.62 200.00 GMRT band3
59288.180613 4.548324 inf inf 10.3884 10.3748 18.7985 1360.11 200.00 GMRT band5
59301.131424 4.592512 0.000209 2.08 819.7065 882.8498 6.3335 879.86 400.00 GMRT band3+5
59301.131424 4.592467 0.000283 2.25 22.2960 23.7853 6.2620 399.62 200.00 GMRT band3
59301.131424 4.544459 inf inf 11.2929 11.2395 12.5120 1360.11 200.00 GMRT band5
59309.148090 4.592096 0.000395 1.07 400.0713 355.9197 19.2705 879.86 400.00 GMRT band3+5
59309.148090 4.592145 0.000525 1.20 32.8483 42.9299 19.2705 399.62 200.00 GMRT band3
59309.148090 4.540638 inf inf 12.1867 12.0358 47.6370 1360.11 200.00 GMRT band5
59349.117651 4.593375 0.000382 11.50 29.8131 27.8256 7.2520 879.67 400.00 GMRT band3+5
59349.117651 4.593620 0.000445 11.88 18.2213 14.1580 6.3500 399.23 200.00 GMRT band3
59349.117651 4.609018 inf inf 3.8073 3.2143 11.1640 1360.11 200.00 GMRT band5
59360.102257 4.592816 0.000939 15.54 836.0737 871.7964 13.9170 879.67 400.00 GMRT band3+5
59360.102257 4.592781 0.001070 17.12 81.8716 38.5168 12.3920 399.23 200.00 GMRT band3
59360.102257 4.495002 inf inf 22.8610 22.8785 22.4095 1360.11 200.00 GMRT band5
59370.937905 4.592132 0.000305 4.46 19.0634 16.5359 4.3170 879.67 400.00 GMRT band3+5
59370.937905 4.592005 0.000324 4.53 13.1749 11.1912 4.3060 399.23 200.00 GMRT band3
59370.937905 4.629978 inf inf 8.7095 8.4074 17.3115 1360.11 200.00 GMRT band5
59380.898438 4.591113 0.000369 4.38 27.6319 21.9525 7.7740 399.23 200.00 GMRT band3
59391.825521 4.592149 0.000887 8.27 787.5565 800.7623 11.6130 879.67 400.00 GMRT band3+5
59391.825521 4.635780 inf inf 10.0663 9.7603 14.2525 1360.11 200.00 GMRT band5
59403.913195 4.592666 0.000274 3.29 12.1327 10.5947 4.0875 399.23 200.00 GMRT band3
59441.718345 4.592747 0.000012 0.30 0.9025 0.8558 1.3890 879.66 400.00 GMRT band3+5
59441.718345 4.592746 0.000013 0.31 0.7682 0.7317 1.3500 399.22 200.00 GMRT band3
59441.718345 4.586605 inf inf 1.4349 1.4362 5.3535 1360.10 200.00 GMRT band5
59460.653530 4.592684 0.000254 5.48 12.6419 11.8543 4.6575 399.22 200.00 GMRT band3
59469.610706 4.593076 0.000263 4.00 385.0671 380.5227 3.6520 879.66 400.00 GMRT band3+5
59469.610706 4.593031 0.000293 4.35 7.2977 6.2046 3.4150 399.22 200.00 GMRT band3
59469.610706 4.797787 inf inf 47.9473 47.8690 39.8445 1360.10 200.00 GMRT band5
59489.602720 4.592361 0.000476 4.93 1211.4037 1215.4717 7.3905 879.66 400.00 GMRT band3+5
59489.602720 4.592345 0.000507 5.39 19.4132 20.6158 6.4975 399.22 200.00 GMRT band3
59489.602720 4.594492 inf inf 0.4096 0.9450 51.0385 1360.10 200.00 GMRT band5
59496.556886 4.591992 0.000324 2.75 121.8925 127.7093 18.3935 879.66 400.00 GMRT band3+5
59496.556886 4.591549 0.000303 1.91 33.7217 55.6267 18.3935 399.22 200.00 GMRT band3
59496.556886 4.628736 inf inf 8.4165 8.1474 17.5470 1360.10 200.00 GMRT band5
