58266.426042 9.028295 0.007677 15.58 1736.4296 371.3900 17.1700 929.95 200.00 GMRT band3+5
58266.426042 9.022308 0.001064 0.27 14.1102 19.6485 14.9820 449.95 100.00 GMRT band3
58266.426042 7.583690 14.390000 41.93 1731.6774 290.0743 343.6740 1409.95 100.00 GMRT band5
58284.419850 9.025364 0.000376 1.11 16.9589 17.3643 17.8940 929.95 200.00 GMRT band3+5
58284.419850 9.024367 0.001909 1.21 17.8104 18.2180 18.0915 449.95 100.00 GMRT band3
58284.419850 9.235118 0.017090 0.01 16.2490 15.8054 10.8960 1409.95 100.00 GMRT band5
58299.389641 9.025139 0.000276 0.97 11.5042 9.6303 9.8715 929.95 200.00 GMRT band3+5
58299.389641 9.026782 0.000977 0.73 6.5245 5.6584 9.4020 449.95 100.00 GMRT band3
58299.389641 9.050854 0.144440 2.15 12.7940 12.9138 16.1700 1409.95 100.00 GMRT band5
58315.334722 9.024235 0.002491 2.46 998.2230 780.7130 17.9425 929.95 200.00 GMRT band3+5
58315.334722 9.023353 0.001656 1.06 21.8845 17.6676 16.1065 449.95 100.00 GMRT band3
58315.334722 20.765635 1.588200 0.19 890.2611 750.5578 1288.7190 1409.95 100.00 GMRT band5
58333.264236 9.025948 0.000280 0.70 41.5258 36.0337 17.4000 929.95 200.00 GMRT band3+5
58333.264236 9.024235 0.001087 0.34 14.0831 13.0532 17.8265 449.95 100.00 GMRT band3
58333.264236 8.973307 0.109540 2.27 19.3024 18.7420 9.9035 1409.95 100.00 GMRT band5
58347.264699 9.027154 0.004711 1.91 1092.3100 971.5696 34.3490 929.95 200.00 GMRT band3+5
58347.264699 9.031158 0.002327 0.24 15.2171 19.0083 26.2510 449.95 100.00 GMRT band3
58347.264699 22.588173 3.327800 0.87 1156.2512 969.8585 323.5100 1409.95 100.00 GMRT band5
58363.184259 9.025845 0.000424 0.46 15.3030 15.1587 20.2840 929.95 200.00 GMRT band3+5
58363.184259 9.026227 0.001200 0.29 10.8192 10.7234 18.5770 449.95 100.00 GMRT band3
58363.184259 8.787488 0.168100 0.91 25.7777 25.9466 26.0080 1409.95 100.00 GMRT band5
58378.140162 9.025117 0.000443 0.82 19.2836 19.1893 15.4220 929.95 200.00 GMRT band3+5
58378.140162 9.021780 0.000927 0.42 13.9169 12.5371 14.7500 449.95 100.00 GMRT band3
58378.140162 9.129374 0.008073 0.00 7.3818 7.5674 19.7840 1409.95 100.00 GMRT band5
58424.029224 9.025698 0.001119 2.69 139.2710 1094.3222 37.5370 879.66 400.00 GMRT band3+5
58424.029224 9.024458 0.001170 1.86 24.9854 40.8207 15.9540 399.22 200.00 GMRT band3
58424.029224 8.300389 0.171320 0.58 180.5064 145.6302 73.1730 1360.10 200.00 GMRT band5
58435.942535 9.019974 0.001638 2.02 49.6724 1655.9523 98.7395 399.22 200.00 GMRT band3
58435.942535 9.039863 0.012617 0.23 5.3026 14.8798 7.3665 1359.90 200.00 GMRT band5
58476.947859 9.025571 0.000195 1.11 18.1839 17.8348 8.9580 929.95 200.00 GMRT band3+5
58476.947859 9.024993 0.001432 1.33 14.7582 14.6241 10.4650 449.95 100.00 GMRT band3
58476.947859 9.070643 0.011606 0.05 4.6718 4.7353 4.4330 1409.95 100.00 GMRT band5
58504.833912 9.025801 0.000138 0.29 11.3750 19.0447 12.9890 929.95 200.00 GMRT band3+5
58504.833912 9.023961 0.000976 0.26 7.8028 8.0583 15.2880 449.95 100.00 GMRT band3
58504.833912 9.048701 0.003982 0.01 2.2816 2.5265 5.1865 1409.95 100.00 GMRT band5
58560.665972 9.025574 0.000125 0.12 15.8313 25.2629 24.0830 929.95 200.00 GMRT band3+5
58560.665972 9.023768 0.000881 0.07 10.7303 10.3381 27.2615 449.95 100.00 GMRT band3
58560.665972 9.044798 0.000676 0.00 1.9014 1.9298 4.2210 1409.95 100.00 GMRT band5
59343.552951 9.026684 0.000119 1.67 13.7939 11.4367 3.7865 879.67 400.00 GMRT band3+5
59343.552951 9.026691 0.000127 1.88 7.8888 5.3613 3.3820 399.24 200.00 GMRT band3
59343.552951 9.113130 inf inf 20.4264 19.7685 28.7155 1360.11 200.00 GMRT band5
59355.480614 9.026518 0.000127 1.91 19.6261 14.6467 2.4480 879.67 400.00 GMRT band3+5
59355.480614 9.026519 0.000139 2.29 5.6909 3.3506 2.2850 399.24 200.00 GMRT band3
59355.480614 9.067476 inf inf 9.7513 9.5749 33.9885 1360.11 200.00 GMRT band5
59376.372338 9.026488 0.000042 0.38 12.9782 7.3539 2.0830 879.67 400.00 GMRT band3+5
59376.372338 9.026487 0.000037 0.28 6.5034 1.0945 2.0340 399.24 200.00 GMRT band3
59376.372338 8.983719 inf inf 9.8333 10.0006 7.7240 1360.11 200.00 GMRT band5
59385.379109 9.026215 0.000072 3.29 10.0048 7.4815 3.1620 879.67 400.00 GMRT band3+5
59385.379109 9.026624 0.000142 2.01 8.5968 6.1797 3.1910 399.24 200.00 GMRT band3
59385.379109 9.021671 inf inf 0.9590 0.6197 1.1885 1360.11 200.00 GMRT band5
59397.371122 9.026036 0.000274 3.26 107.1161 101.8116 5.7925 879.67 400.00 GMRT band3+5
59397.371122 9.025986 0.000222 1.96 5.2739 4.1851 5.3775 399.24 200.00 GMRT band3
59397.371122 9.915038 inf inf 207.9450 207.4377 37.5880 1360.11 200.00 GMRT band5
59406.334317 9.026329 0.000052 1.92 6.8634 4.8487 2.3365 879.67 400.00 GMRT band3+5
59406.334317 9.026357 0.000078 2.06 5.6322 4.5691 2.4150 399.24 200.00 GMRT band3
59406.334317 9.015768 inf inf 2.3394 2.0251 1.7760 1360.11 200.00 GMRT band5
59427.221354 9.025820 0.000083 2.19 15.1681 14.5672 2.4345 879.66 400.00 GMRT band3+5
59427.221354 9.025844 0.000100 2.55 3.3624 3.3308 2.2305 399.22 200.00 GMRT band3
59427.221354 9.028638 inf inf 0.6702 1.1035 4.6845 1360.10 200.00 GMRT band5
59446.228761 9.025832 0.000094 2.19 5.8553 5.8410 2.3695 879.66 400.00 GMRT band3+5
59446.228761 9.025820 0.000104 2.09 2.2037 2.1528 1.9760 399.22 200.00 GMRT band3
59446.228761 9.079739 inf inf 12.6215 12.6076 5.3990 1360.10 200.00 GMRT band5
59456.111632 9.025789 0.000060 0.87 5.7595 5.7314 3.3400 879.66 400.00 GMRT band3+5
59456.111632 9.025691 0.000063 0.60 2.4202 4.9181 2.5975 399.22 200.00 GMRT band3
59456.111632 9.028309 inf inf 0.5935 1.0330 3.7035 1360.10 200.00 GMRT band5
59475.112789 9.026000 0.000089 2.33 9.8721 8.4205 1.9300 879.66 400.00 GMRT band3+5
59475.112789 9.026138 0.000087 1.42 5.2466 3.7702 1.7890 399.22 200.00 GMRT band3
59475.112789 9.009113 inf inf 3.8964 3.5051 3.7155 1360.10 200.00 GMRT band5
59484.044734 9.025743 0.000024 0.68 12.9692 13.3412 0.8560 879.66 400.00 GMRT band3+5
59484.044734 9.025765 0.000020 0.36 0.4557 0.5226 0.8550 399.22 200.00 GMRT band3
59484.044734 9.012838 inf inf 3.0252 2.5739 2.2825 1360.10 200.00 GMRT band5
59492.160937 9.025655 0.000110 6.50 7.7839 7.3357 2.5705 879.66 400.00 GMRT band3+5
59492.160937 9.025301 0.000220 5.88 7.3969 6.6704 3.6695 399.22 200.00 GMRT band3
59492.160937 9.024190 inf inf 0.3701 0.3429 1.6690 1360.10 200.00 GMRT band5
