58259.921123 15.989259 0.000284 1.56 8.7935 8.6440 7.8960 929.95 200.00 GMRT band3+5
58259.921123 15.988478 0.001688 1.61 8.6429 7.9727 8.5030 449.95 100.00 GMRT band3
58259.921123 16.061639 0.065787 1.75 7.0758 7.0997 6.7880 1409.95 100.00 GMRT band5
58276.791551 15.988841 0.000084 0.08 21.0182 21.4995 9.7455 929.95 200.00 GMRT band3+5
58276.791551 15.989332 0.000214 0.01 1.9880 1.9763 11.3950 449.95 100.00 GMRT band3
58276.791551 16.006613 0.000444 0.00 2.1443 2.1887 3.1550 1409.95 100.00 GMRT band5
58291.720197 16.068086 0.002686 0.00 7.2234 0.7976 7.0540 1409.95 100.00 GMRT band5
58340.587905 15.989123 0.000488 2.29 19.7734 19.4452 8.8285 929.95 200.00 GMRT band3+5
58340.587905 15.992548 0.003050 2.85 18.1016 17.4720 8.7460 449.95 100.00 GMRT band3
58340.587905 15.941827 0.011363 0.02 6.2786 5.8279 8.8520 1409.95 100.00 GMRT band5
58355.544271 15.990526 0.002546 3.56 464.9418 550.1494 11.1960 929.95 200.00 GMRT band3+5
58355.544271 15.988826 0.000379 0.06 2.5038 5.2962 9.9660 449.95 100.00 GMRT band3
58355.544271 15.956561 1.578900 12.08 463.5375 549.4750 902.2840 1409.95 100.00 GMRT band5
58371.500868 15.989790 0.000522 0.96 614.3899 609.2109 17.9215 929.95 200.00 GMRT band3+5
58371.500868 15.983854 0.004403 0.97 26.6676 25.5868 30.7605 449.95 100.00 GMRT band3
58371.500868 15.983181 0.026249 0.97 3.6041 3.2506 4.1520 1409.95 100.00 GMRT band5
58389.395544 15.989201 0.000301 0.80 15.1439 9.2642 8.4780 929.95 200.00 GMRT band3+5
58389.395544 15.990103 0.002016 0.56 14.8262 9.0820 15.4170 449.95 100.00 GMRT band3
58389.395544 16.086876 inf inf 10.5376 10.5063 6.7530 1409.95 100.00 GMRT band5
58440.363252 15.989609 0.000508 2.22 23.5521 22.2713 9.4940 929.95 200.00 GMRT band3+5
58440.363252 15.991140 0.003062 2.63 25.6538 24.3317 11.8490 449.95 100.00 GMRT band3
58440.363252 16.081960 inf inf 10.0098 9.4891 7.7305 1409.95 100.00 GMRT band5
58467.256887 15.990972 0.000560 0.32 847.1939 875.6711 36.0605 929.95 200.00 GMRT band3+5
58467.256887 15.994528 0.001949 0.04 14.9399 10.4349 45.0125 449.95 100.00 GMRT band3
58467.256887 16.048247 inf inf 6.3837 6.1619 5.8005 1409.95 100.00 GMRT band5
58481.223206 15.988797 0.000192 0.20 13.8539 19.0750 16.3180 929.95 200.00 GMRT band3+5
58481.223206 15.993550 0.000240 0.00 14.1308 18.3298 18.4960 449.95 100.00 GMRT band3
58481.223206 15.971255 0.016335 0.11 4.7320 4.7101 12.7530 1409.95 100.00 GMRT band5
58510.146933 15.989744 0.000918 1.66 32.3311 33.3543 26.8030 929.95 200.00 GMRT band3+5
58510.146933 15.983209 0.004579 0.64 32.4466 35.0500 32.8110 449.95 100.00 GMRT band3
58510.146933 16.093654 0.108500 3.24 11.9124 11.8043 7.8465 1409.95 100.00 GMRT band5
58524.132002 15.989421 0.000205 0.46 8.4497 7.9329 8.4660 929.95 200.00 GMRT band3+5
58524.132002 15.990351 0.000912 0.54 7.2295 6.5692 9.4880 449.95 100.00 GMRT band3
58524.132002 15.982013 inf inf 0.7421 0.3546 6.6340 1409.95 100.00 GMRT band5
58538.071065 15.926295 0.024064 0.07 12.0585 4.8421 8.9790 1409.95 100.00 GMRT band5
58552.133507 15.989788 0.000304 0.89 15.7292 17.2751 12.5250 929.95 200.00 GMRT band3+5
58552.133507 15.990987 0.002792 1.28 16.2852 16.6031 12.5250 449.95 100.00 GMRT band3
58552.133507 15.994659 0.066391 0.70 5.5671 6.0672 11.7850 1409.95 100.00 GMRT band5
58566.942419 15.988324 0.000991 1.85 17.6525 22.7490 16.6885 929.95 200.00 GMRT band3+5
58566.942419 15.991481 0.003431 2.18 20.0742 25.0989 16.3840 449.95 100.00 GMRT band3
58566.942419 16.017863 inf inf 2.9539 3.0114 21.0395 1409.95 100.00 GMRT band5
58413.463599 15.904188 0.034627 10.89 1076.1565 1161.3681 770.0250 399.22 200.00 GMRT band3
58431.407639 16.058554 0.024772 9.31 1684.5657 1047.9853 553.7105 399.22 200.00 GMRT band3
58781.381655 15.988949 0.000094 1.72 7.8003 7.5616 2.1780 879.95 400.00 GMRT band3+5
58781.381655 15.989172 0.000280 2.08 8.2918 8.1021 2.1785 399.80 200.00 GMRT band3
58781.381655 15.991138 0.000507 0.00 0.4592 0.4541 2.1780 1360.10 200.00 GMRT band5
58792.405382 15.989082 0.000076 1.91 5.4017 4.5522 2.4940 879.95 400.00 GMRT band3+5
58792.405382 15.989250 0.000122 1.80 5.5369 4.1283 2.2610 399.80 200.00 GMRT band3
58792.405382 16.007634 0.007696 0.48 5.9194 5.9757 3.4425 1360.10 200.00 GMRT band5
58804.303993 15.989244 0.000079 1.05 3.6362 2.9767 2.3430 879.95 400.00 GMRT band3+5
58804.303993 15.989276 0.000096 1.32 3.9341 2.5945 2.1110 399.80 200.00 GMRT band3
58804.303993 16.000740 0.007336 0.05 3.3083 3.3784 10.0130 1360.10 200.00 GMRT band5
58833.156887 15.988957 0.000052 0.69 6.9790 6.4744 3.1530 879.95 400.00 GMRT band3+5
58833.156887 15.989097 0.000136 0.79 6.5738 6.1017 3.3885 399.80 200.00 GMRT band3
58833.156887 15.990973 0.003026 0.07 0.8777 0.8662 1.9940 1360.10 200.00 GMRT band5
58844.102662 15.989085 0.000074 2.51 4.6952 4.0932 1.7920 879.95 400.00 GMRT band3+5
58844.102662 15.989282 0.000104 2.07 5.1280 2.6344 1.4780 399.80 200.00 GMRT band3
58844.102662 15.986207 0.002705 0.06 0.4338 0.4522 2.0580 1360.10 200.00 GMRT band5
58854.058449 15.989184 0.000086 2.53 3.2996 2.8367 1.3385 399.80 200.00 GMRT band3
58865.155382 15.989173 0.000055 0.90 3.9680 4.0788 1.8570 879.95 400.00 GMRT band3+5
58865.155382 15.989240 0.000062 0.81 2.6685 1.0911 1.6620 399.80 200.00 GMRT band3
58865.155382 16.005286 0.006851 0.17 4.7222 5.0497 6.3620 1360.10 200.00 GMRT band5
58893.040451 15.989107 0.000068 1.67 2.7990 1.3672 1.1440 399.80 200.00 GMRT band3
58903.030266 15.989088 0.000094 2.17 7.7853 6.2444 2.4130 879.95 400.00 GMRT band3+5
58903.030266 15.989353 0.000135 1.74 6.3155 5.0353 2.2960 399.80 200.00 GMRT band3
58903.030266 15.993291 0.000231 0.00 1.0351 1.0128 4.2700 1360.10 200.00 GMRT band5
58914.043519 15.989095 0.000110 3.73 4.9490 4.5058 1.9480 879.95 400.00 GMRT band3+5
58914.043519 15.989482 0.000202 3.23 5.6526 4.4806 1.2970 399.80 200.00 GMRT band3
58914.043519 15.986834 0.006027 0.31 1.0683 1.0258 1.9610 1360.10 200.00 GMRT band5
58922.050116 15.989077 0.000071 1.63 5.6402 3.8250 2.4100 879.95 400.00 GMRT band3+5
58922.050116 15.989225 0.000126 1.76 5.3489 3.8143 2.2240 399.80 200.00 GMRT band3
58922.050116 15.996060 0.006979 0.43 3.9551 3.9048 3.2365 1360.10 200.00 GMRT band5
59008.778125 15.988801 0.000073 0.89 15.8132 16.4128 3.8090 879.95 400.00 GMRT band3+5
59008.778125 15.989137 0.000234 0.95 4.5886 4.8688 4.1290 399.80 200.00 GMRT band3
59008.778125 15.991176 0.001662 0.02 0.6810 0.6951 2.0210 1360.10 200.00 GMRT band5
59015.894155 15.988990 0.000095 1.52 8.5771 7.5574 3.9780 879.95 400.00 GMRT band3+5
59015.894155 15.988795 0.000283 1.75 8.5201 7.5503 6.1080 399.80 200.00 GMRT band3
59015.894155 15.982136 0.008921 0.56 1.4206 1.4149 2.1810 1360.10 200.00 GMRT band5
59022.681944 15.988890 0.000035 0.25 3.7869 3.2710 2.2310 879.95 400.00 GMRT band3+5
59022.681944 15.988806 0.000115 0.32 1.1487 1.3294 1.9695 399.80 200.00 GMRT band3
59022.681944 15.990931 0.000253 0.00 0.3842 4.8465 3.1510 1360.10 200.00 GMRT band5
59032.908507 15.989024 0.000114 1.71 7.7670 7.4261 2.6485 879.95 400.00 GMRT band3+5
59032.908507 15.989088 0.000138 1.92 2.7978 5.0980 1.7260 399.80 200.00 GMRT band3
59032.908507 16.005751 0.028135 1.26 10.4176 9.9606 10.0820 1360.10 200.00 GMRT band5
59044.852199 15.988964 0.000063 1.07 3.7872 2.9063 2.7460 879.95 400.00 GMRT band3+5
59044.852199 15.989148 0.000099 0.89 3.9457 1.9065 2.7460 399.80 200.00 GMRT band3
59044.852199 16.000507 0.003195 0.07 2.4687 5.4895 3.0625 1360.10 200.00 GMRT band5
59062.603819 15.989032 0.000061 0.98 5.3715 4.5366 3.4140 879.95 400.00 GMRT band3+5
59062.603819 15.989245 0.000129 0.94 5.7829 4.9039 3.5465 399.80 200.00 GMRT band3
59062.603819 15.992633 0.002064 0.03 0.5678 0.5484 2.3320 1360.10 200.00 GMRT band5
59075.574016 15.989096 0.000072 0.32 2.9042 3.4680 3.0800 879.95 400.00 GMRT band3+5
59075.574016 15.989378 0.000188 0.30 1.5590 3.2697 2.7625 399.80 200.00 GMRT band3
59075.574016 15.998734 0.002583 0.02 1.5197 1.4499 5.7070 1360.10 200.00 GMRT band5
59082.571470 15.989019 0.000073 0.81 3.1089 5.0744 3.0110 879.95 400.00 GMRT band3+5
59082.571470 15.989229 0.000183 0.91 3.4744 5.5862 3.0600 399.80 200.00 GMRT band3
59082.571470 15.987145 0.000705 0.00 0.2761 0.2931 2.9620 1360.10 200.00 GMRT band5
59093.659548 15.989135 0.000171 1.14 6.3835 6.9363 3.9380 879.95 400.00 GMRT band3+5
59093.659548 15.989239 0.000183 1.09 5.1312 5.2818 3.1875 399.80 200.00 GMRT band3
59093.659548 15.911420 inf inf 10.1168 10.1439 12.1900 1360.10 200.00 GMRT band5
59100.662963 15.989045 0.000056 1.08 4.1919 3.5025 2.5770 879.95 400.00 GMRT band3+5
59100.662963 15.989123 0.000116 1.15 3.4356 2.9884 2.5770 399.80 200.00 GMRT band3
59100.662963 15.994737 0.013952 1.52 3.1851 3.1083 2.9035 1360.10 200.00 GMRT band5
59156.471354 15.988920 0.000068 1.47 6.9677 6.9021 2.8850 879.85 400.00 GMRT band3+5
59156.471354 15.989319 0.000197 1.37 5.9065 5.8612 2.8850 399.61 200.00 GMRT band3
59156.471354 15.991022 0.004591 0.26 2.9340 3.0926 2.9540 1360.10 200.00 GMRT band5
59166.377199 15.989012 0.000075 1.21 5.6423 4.7285 3.1050 879.85 400.00 GMRT band3+5
59166.377199 15.989282 0.000083 0.50 4.8660 4.0525 2.8430 399.61 200.00 GMRT band3
59166.377199 16.011993 0.005119 0.18 5.3218 5.3910 3.9355 1360.10 200.00 GMRT band5
59175.336632 15.988981 0.000059 1.18 3.4451 3.6984 1.9715 879.85 400.00 GMRT band3+5
59175.336632 15.989062 0.000075 1.16 2.0843 2.6689 1.4060 399.61 200.00 GMRT band3
59175.336632 15.986861 0.006838 0.20 0.9252 0.8261 3.3070 1360.10 200.00 GMRT band5
59187.371007 15.988916 0.000056 0.32 5.8996 5.8082 5.3230 879.85 400.00 GMRT band3+5
59187.371007 15.988932 0.000160 0.38 3.3363 4.3698 5.9310 399.61 200.00 GMRT band3
59187.371007 15.987376 0.010214 0.34 1.9743 2.0083 4.8835 1360.10 200.00 GMRT band5
59196.338252 15.988964 0.000104 2.85 4.2072 4.1487 2.2985 879.85 400.00 GMRT band3+5
59196.338252 15.988975 0.000166 3.34 3.8599 3.7796 2.2790 399.61 200.00 GMRT band3
59196.338252 15.964094 0.012399 0.61 4.5770 4.5938 3.6860 1360.10 200.00 GMRT band5
59208.370428 15.988833 0.000070 1.46 5.5839 4.3363 2.1565 879.85 400.00 GMRT band3+5
59208.370428 15.988825 0.000209 1.90 4.7632 4.5997 2.1820 399.61 200.00 GMRT band3
59208.370428 15.992691 0.006256 0.43 3.6738 1.3935 1.8030 1360.10 200.00 GMRT band5
59217.239525 15.988914 0.000055 0.92 3.0415 3.1237 2.4920 879.85 400.00 GMRT band3+5
59217.239525 15.989090 0.000117 0.91 3.1817 3.3004 2.8260 399.61 200.00 GMRT band3
59217.239525 15.993511 0.002085 0.03 1.1564 1.1552 1.9890 1360.10 200.00 GMRT band5
59230.185475 15.988857 0.000059 0.99 3.8173 4.0230 2.7270 879.86 400.00 GMRT band3+5
59230.185475 15.988941 0.000124 1.17 4.0815 4.3648 2.9000 399.62 200.00 GMRT band3
59230.185475 15.992500 0.004828 0.15 1.2893 1.2859 2.5540 1360.11 200.00 GMRT band5
59238.224826 15.988914 0.000066 1.64 6.2337 6.3160 3.4315 879.86 400.00 GMRT band3+5
59238.224826 15.989190 0.000154 1.54 4.2495 4.2298 3.5770 399.62 200.00 GMRT band3
59238.224826 15.988685 0.002240 0.05 0.4881 0.4898 1.8210 1360.11 200.00 GMRT band5
59252.081655 15.988990 0.000045 0.91 3.5560 3.2810 1.8450 879.86 400.00 GMRT band3+5
59252.081655 15.989088 0.000056 0.72 2.0867 1.7561 1.4010 399.62 200.00 GMRT band3
59252.081655 15.984941 0.006085 0.26 0.9292 0.9313 2.1300 1360.11 200.00 GMRT band5
59264.108507 15.988812 0.000057 0.76 4.0324 3.1665 3.6480 879.86 400.00 GMRT band3+5
59264.108507 15.988985 0.000130 0.73 3.4012 2.3412 4.2850 399.62 200.00 GMRT band3
59264.108507 16.002827 0.002911 0.05 2.4932 2.5517 3.4000 1360.11 200.00 GMRT band5
59272.073264 15.988865 0.000036 0.48 1.8307 2.4813 2.0220 879.86 400.00 GMRT band3+5
59272.073264 15.988966 0.000067 0.45 1.7371 2.5409 2.0975 399.62 200.00 GMRT band3
59272.073264 15.990213 0.005046 0.19 1.1782 1.1756 2.0220 1360.11 200.00 GMRT band5
59280.989641 15.988878 0.000053 1.22 2.9192 3.0123 1.9730 879.86 400.00 GMRT band3+5
59280.989641 15.989012 0.000081 1.09 2.9231 3.0683 2.0050 399.62 200.00 GMRT band3
59280.989641 15.992156 0.002519 0.05 0.9837 0.9902 1.9410 1360.11 200.00 GMRT band5
59288.001042 15.988884 0.000091 2.01 3.5524 3.6777 2.4160 879.86 400.00 GMRT band3+5
59288.001042 15.989029 0.000117 1.86 2.8969 2.9348 2.0500 399.62 200.00 GMRT band3
59288.001042 16.014618 0.001881 0.01 3.4890 3.5372 4.8470 1360.11 200.00 GMRT band5
59300.950926 15.988829 0.000028 0.40 3.5125 3.5563 1.3110 879.86 400.00 GMRT band3+5
59300.950926 15.988888 0.000030 0.27 0.7864 0.8175 1.2695 399.62 200.00 GMRT band3
59300.950926 15.989895 0.003743 0.09 0.8083 0.8145 2.2140 1360.11 200.00 GMRT band5
59309.056771 15.988854 0.000055 1.30 2.8033 4.2982 1.9450 879.86 400.00 GMRT band3+5
59309.056771 15.988999 0.000086 1.17 1.9421 3.6921 2.2085 399.62 200.00 GMRT band3
59309.056771 15.993272 0.000397 0.00 0.8588 0.8689 1.9330 1360.11 200.00 GMRT band5
