59348.966261 3.138580 0.000035 1.72 3.4272 3.7485 1.0630 879.67 400.00 GMRT band3+5
59348.966261 3.138589 0.000038 1.90 2.6956 1.3004 0.9410 399.23 200.00 GMRT band3
59348.966261 3.138052 inf inf 0.1851 0.1235 3.7985 1360.11 200.00 GMRT band5
59359.965567 3.138572 0.000038 1.10 4.2132 2.0309 1.1810 879.67 400.00 GMRT band3+5
59359.965567 3.138576 0.000042 1.25 2.4645 1.5408 1.1680 399.23 200.00 GMRT band3
59359.965567 3.138109 inf inf 0.1719 0.1083 4.5400 1360.11 200.00 GMRT band5
59370.799132 3.138349 0.000037 1.27 4.2158 2.3617 1.2540 879.67 400.00 GMRT band3+5
59370.799132 3.138341 0.000040 1.34 4.0841 1.9066 1.0365 399.23 200.00 GMRT band3
59370.799132 3.155265 inf inf 3.8403 3.9559 4.3855 1360.11 200.00 GMRT band5
59380.794734 3.138545 0.000029 1.95 3.3403 3.8549 0.6950 879.67 400.00 GMRT band3+5
59380.794734 3.138546 0.000032 2.33 2.9766 0.6290 0.5980 399.23 200.00 GMRT band3
59380.794734 3.143912 inf inf 1.1851 1.2550 4.2515 1360.11 200.00 GMRT band5
59391.692188 3.138651 0.000040 1.02 2.7924 2.0993 1.2100 879.67 400.00 GMRT band3+5
59391.692188 3.138659 0.000040 1.04 1.9770 0.9476 0.9490 399.23 200.00 GMRT band3
59391.692188 3.140163 inf inf 0.3084 0.0909 10.0905 1360.11 200.00 GMRT band5
59413.676447 3.138489 0.000088 1.25 19.2698 18.4646 3.1090 879.67 400.00 GMRT band3+5
59413.676447 3.138455 0.000122 1.45 4.7421 3.4520 2.5650 399.23 200.00 GMRT band3
59413.676447 3.138367 inf inf 0.1116 0.0287 3.9055 1360.11 200.00 GMRT band5
59441.567419 3.138494 0.000043 0.58 3.8716 3.2898 2.0010 879.66 400.00 GMRT band3+5
59441.567419 3.138512 0.000052 0.66 3.5202 2.7684 1.6940 399.22 200.00 GMRT band3
59441.567419 3.134596 inf inf 0.9932 0.9114 4.0940 1360.10 200.00 GMRT band5
59449.515336 3.138578 0.000033 0.49 6.1848 2.6578 1.2470 879.66 400.00 GMRT band3+5
59449.515336 3.138596 0.000038 0.53 2.8797 0.5857 1.1390 399.22 200.00 GMRT band3
59449.515336 3.140319 inf inf 0.3449 0.4070 4.1240 1360.10 200.00 GMRT band5
59460.522974 3.138631 0.000034 2.85 2.6836 1.0362 0.5045 399.22 200.00 GMRT band3
59468.426215 3.138593 0.000131 4.69 4.6359 5.5909 1.8595 879.66 400.00 GMRT band3+5
59468.426215 3.138596 0.000147 5.43 4.5269 5.4778 1.4925 399.22 200.00 GMRT band3
59468.426215 3.163159 inf inf 5.6854 6.1885 7.3775 1360.10 200.00 GMRT band5
59469.477257 3.138608 0.000051 4.56 3.8010 1.4190 0.8420 879.66 400.00 GMRT band3+5
59469.477257 3.138617 0.000056 5.14 2.5598 1.5277 0.6190 399.22 200.00 GMRT band3
59469.477257 3.132743 inf inf 1.4264 1.3713 3.7680 1360.10 200.00 GMRT band5
59489.497396 3.138576 0.000039 1.80 3.9454 1.5514 0.6570 879.66 400.00 GMRT band3+5
59489.497396 3.138579 0.000043 2.22 2.9032 1.2565 0.6280 399.22 200.00 GMRT band3
59489.497396 3.130839 inf inf 1.8718 1.8093 5.0815 1360.10 200.00 GMRT band5
59496.452836 3.138656 0.000041 1.30 2.3712 1.3894 0.9440 399.22 200.00 GMRT band3
