58260.027488 10.389814 0.000333 0.40 9.5281 10.6950 8.3360 929.95 200.00 GMRT band3+5
58260.027488 10.390220 0.000776 0.40 2.3784 4.2465 7.8820 449.95 100.00 GMRT band3
58260.027488 10.515307 inf inf 13.3843 13.5023 15.9055 1409.95 100.00 GMRT band5
58276.890799 10.391009 0.000169 0.71 8.8403 8.3084 6.8235 929.95 200.00 GMRT band3+5
58276.890799 10.392652 0.000109 0.02 4.7869 4.5720 4.1325 449.95 100.00 GMRT band3
58276.890799 10.417346 0.016519 0.09 3.4521 3.4031 8.9060 1409.95 100.00 GMRT band5
58291.814178 10.417607 0.016278 0.03 5.8671 3.7941 13.9650 1409.95 100.00 GMRT band5
58307.795660 10.390643 0.000266 0.28 10.8350 10.1775 17.2410 929.95 200.00 GMRT band3+5
58307.795660 10.389253 0.002201 0.44 11.2169 10.9051 21.9135 449.95 100.00 GMRT band3
58307.795660 10.361539 inf inf 1.6224 1.6076 6.6105 1409.95 100.00 GMRT band5
58322.713600 10.390862 0.000061 0.24 2.5944 2.6348 3.7470 929.95 200.00 GMRT band3+5
58322.713600 10.390688 0.000346 0.37 2.1483 2.2288 3.7230 449.95 100.00 GMRT band3
58322.713600 10.401932 0.003559 0.02 0.8226 0.8168 5.3080 1409.95 100.00 GMRT band5
58340.679398 10.390789 0.000174 0.99 4.0524 4.0932 4.2430 929.95 200.00 GMRT band3+5
58340.679398 10.389891 0.000773 1.06 4.1561 4.2003 4.2430 449.95 100.00 GMRT band3
58340.679398 10.400774 inf inf 1.5506 1.5699 5.2715 1409.95 100.00 GMRT band5
58355.635648 10.390730 0.000083 0.42 3.7265 4.1966 3.8950 929.95 200.00 GMRT band3+5
58355.635648 10.390804 0.000531 0.61 3.8025 4.6751 3.8950 449.95 100.00 GMRT band3
58355.635648 10.406849 0.014094 0.32 4.0043 3.9637 4.4570 1409.95 100.00 GMRT band5
58371.632060 10.390981 0.000211 0.44 11.5425 11.5269 12.8120 929.95 200.00 GMRT band3+5
58371.632060 10.390394 0.001610 0.40 11.8021 11.7790 13.8520 449.95 100.00 GMRT band3
58371.632060 10.326611 0.010338 0.04 5.2174 4.9433 7.2810 1409.95 100.00 GMRT band5
58389.523264 10.388118 0.000801 0.41 7.5133 14.8414 6.7760 449.95 100.00 GMRT band3
58440.464352 10.390899 0.000089 0.68 5.2424 5.1991 3.5470 929.95 200.00 GMRT band3+5
58440.464352 10.389993 0.000391 0.56 4.5836 4.5551 3.5470 449.95 100.00 GMRT band3
58440.464352 10.384208 0.006173 0.08 0.8569 0.8627 4.2445 1409.95 100.00 GMRT band5
58467.367882 10.391263 0.000347 0.64 24.1666 266.6600 24.8490 929.95 200.00 GMRT band3+5
58467.367882 10.398357 0.001683 0.13 23.4934 23.6601 24.8940 449.95 100.00 GMRT band3
58467.367882 10.369708 inf inf 2.2810 2.3189 3.4205 1409.95 100.00 GMRT band5
58481.335706 10.391222 0.000104 0.28 5.5474 4.3785 6.4380 929.95 200.00 GMRT band3+5
58481.335706 10.392050 0.000025 0.00 3.2627 2.4077 5.4885 449.95 100.00 GMRT band3
58481.335706 10.402425 0.033829 0.53 3.7997 3.8791 7.8955 1409.95 100.00 GMRT band5
58524.241204 10.391047 0.000264 1.33 12.0240 12.0244 3.6095 929.95 200.00 GMRT band3+5
58524.241204 10.391493 0.000749 1.76 3.1592 3.1441 2.8480 449.95 100.00 GMRT band3
58524.241204 10.503445 0.011901 0.01 9.2528 9.2888 9.7550 1409.95 100.00 GMRT band5
58552.217708 10.390701 0.000176 1.13 7.4212 7.6548 4.4300 929.95 200.00 GMRT band3+5
58552.217708 10.390922 0.000448 0.45 3.1716 3.2851 4.0525 449.95 100.00 GMRT band3
58552.217708 10.445315 0.107770 3.17 8.9716 8.9781 7.5785 1409.95 100.00 GMRT band5
58567.032292 10.390591 0.000259 1.47 11.6095 12.1370 4.2260 929.95 200.00 GMRT band3+5
58567.032292 10.390823 0.000382 0.58 2.2310 2.7647 2.6700 449.95 100.00 GMRT band3
58567.032292 10.221306 inf inf 18.2499 18.2154 7.2180 1409.95 100.00 GMRT band5
58413.576910 10.390639 0.000067 1.24 5.4929 4.0695 4.1200 879.66 400.00 GMRT band3+5
58413.576910 10.390352 0.000264 1.26 5.4523 3.9156 4.1740 399.22 200.00 GMRT band3
58413.576910 10.394132 inf inf 0.7528 0.8140 0.7590 1360.10 200.00 GMRT band5
58431.529109 10.390581 0.000073 0.54 6.4840 5.5822 5.3145 879.66 400.00 GMRT band3+5
58431.529109 10.390463 0.000233 0.72 6.1785 4.8361 6.2755 399.22 200.00 GMRT band3
58431.529109 10.385358 inf inf 1.2987 1.6679 2.6445 1360.10 200.00 GMRT band5
59000.965972 10.390973 0.000027 0.08 2.2242 2.4074 3.3160 879.95 400.00 GMRT band3+5
59000.965972 10.391000 0.000042 0.01 0.5709 0.6793 3.8720 399.80 200.00 GMRT band3
59000.965972 10.397295 inf inf 1.4928 1.4785 2.3245 1360.10 200.00 GMRT band5
59008.821470 10.390987 0.000021 2.00 1.2664 0.9367 0.5970 879.95 400.00 GMRT band3+5
59008.821470 10.391013 0.000042 2.45 0.9395 0.7281 0.5970 399.80 200.00 GMRT band3
59008.821470 10.390982 inf inf 0.0164 0.0011 0.8250 1360.10 200.00 GMRT band5
59015.937674 10.390978 0.000030 1.97 1.1842 1.2832 0.6120 879.95 400.00 GMRT band3+5
59015.937674 10.390953 0.000032 1.73 0.9700 0.5989 0.5480 399.80 200.00 GMRT band3
59015.937674 10.399164 inf inf 1.9299 2.3588 2.3210 1360.10 200.00 GMRT band5
59022.866840 10.390977 0.000020 1.52 6.9483 7.4294 0.4180 879.95 400.00 GMRT band3+5
59022.866840 10.390977 0.000022 1.66 0.6339 0.2553 0.3890 399.80 200.00 GMRT band3
59022.866840 10.359657 inf inf 7.3096 7.3252 4.4330 1360.10 200.00 GMRT band5
59032.780440 10.391026 0.000055 1.34 1.6251 1.9736 1.3130 879.95 400.00 GMRT band3+5
59032.780440 10.391010 0.000076 1.82 1.6399 1.7852 0.8950 399.80 200.00 GMRT band3
59032.780440 10.392137 inf inf 0.2864 0.2599 3.5820 1360.10 200.00 GMRT band5
59044.894965 10.391002 0.000011 0.32 1.0863 1.0393 0.5440 879.95 400.00 GMRT band3+5
59044.894965 10.391004 0.000011 0.25 0.9324 0.2608 0.4825 399.80 200.00 GMRT band3
59044.894965 10.384121 inf inf 1.5881 1.6090 1.5045 1360.10 200.00 GMRT band5
59062.751215 10.391023 0.000023 1.71 1.6224 0.4076 0.4950 879.95 400.00 GMRT band3+5
59062.751215 10.391024 0.000035 2.32 1.3338 0.2835 0.4480 399.80 200.00 GMRT band3
59062.751215 10.393650 inf inf 0.6402 0.6144 0.9090 1360.10 200.00 GMRT band5
59075.662037 10.391068 0.000009 0.47 1.7017 0.4790 0.3790 879.95 400.00 GMRT band3+5
59075.662037 10.391065 0.000015 0.42 1.3742 0.4934 0.3790 399.80 200.00 GMRT band3
59075.662037 10.393593 inf inf 0.6270 0.5905 0.5125 1360.10 200.00 GMRT band5
59082.670197 10.391045 0.000018 1.20 1.6126 0.4707 0.4300 879.95 400.00 GMRT band3+5
59082.670197 10.391034 0.000021 1.29 1.2560 0.4365 0.3875 399.80 200.00 GMRT band3
59082.670197 10.392567 inf inf 0.3870 0.3559 2.3770 1360.10 200.00 GMRT band5
59093.745081 10.391084 0.000016 0.60 2.0317 0.5077 0.5075 879.95 400.00 GMRT band3+5
59093.745081 10.391088 0.000021 0.77 1.5885 0.4059 0.4935 399.80 200.00 GMRT band3
59093.745081 10.390527 inf inf 0.0899 0.1301 1.4185 1360.10 200.00 GMRT band5
59100.704803 10.391110 0.000030 1.30 1.6814 0.4264 0.5700 879.95 400.00 GMRT band3+5
59100.704803 10.391071 0.000025 0.68 1.2756 0.4569 0.4955 399.80 200.00 GMRT band3
59100.704803 10.389562 inf inf 0.3157 0.3643 1.4665 1360.10 200.00 GMRT band5
59113.586574 10.391162 0.000050 0.36 3.4967 4.3588 1.4195 879.95 400.00 GMRT band3+5
59113.586574 10.391118 0.000046 0.18 1.0797 0.1224 0.5875 399.80 200.00 GMRT band3
59113.586574 10.369827 inf inf 4.9300 4.9910 4.8130 1360.10 200.00 GMRT band5
59133.442419 10.391116 0.000032 1.50 2.3420 0.6677 0.5350 879.95 400.00 GMRT band3+5
59133.442419 10.391109 0.000040 2.00 1.7374 0.6573 0.4940 399.80 200.00 GMRT band3
59133.442419 10.392755 inf inf 0.4310 0.3835 2.3595 1360.10 200.00 GMRT band5
59156.514988 10.391125 0.000019 1.53 2.0270 0.4405 0.4360 879.85 400.00 GMRT band3+5
59156.514988 10.391102 0.000024 1.47 1.7969 0.4459 0.4075 399.61 200.00 GMRT band3
59156.514988 10.388635 inf inf 0.5324 0.5821 0.8275 1360.10 200.00 GMRT band5
59166.413368 10.391168 0.000029 2.48 2.3571 0.7044 0.3880 399.61 200.00 GMRT band3
59175.380671 10.391173 0.000024 1.82 2.3718 0.6102 0.4555 879.85 400.00 GMRT band3+5
59175.380671 10.391173 0.000028 2.43 2.4459 0.4474 0.4010 399.61 200.00 GMRT band3
59175.380671 10.392138 inf inf 0.2867 0.6700 9.0330 1360.10 200.00 GMRT band5
59196.381424 10.391198 0.000019 3.28 3.3735 0.8079 0.3485 879.85 400.00 GMRT band3+5
59196.381424 10.391207 0.000035 4.27 2.5813 0.5957 0.3485 399.61 200.00 GMRT band3
59196.381424 10.392970 inf inf 0.4813 0.4142 1.0885 1360.10 200.00 GMRT band5
59208.413484 10.391251 0.000040 3.39 4.1383 2.7895 0.5140 879.85 400.00 GMRT band3+5
59208.413484 10.391266 0.000040 3.08 3.9444 1.0729 0.4640 399.61 200.00 GMRT band3
59208.413484 10.410232 inf inf 4.5182 4.4389 2.0875 1360.10 200.00 GMRT band5
59217.282928 10.391271 0.000017 0.91 3.7263 1.2392 0.5340 879.85 400.00 GMRT band3+5
59217.282928 10.391286 0.000011 0.26 3.3863 0.2806 0.4715 399.61 200.00 GMRT band3
59217.282928 10.400390 inf inf 2.2165 2.1328 0.9425 1360.10 200.00 GMRT band5
59230.230787 10.391232 0.000048 6.08 3.0474 1.3777 0.3960 879.86 400.00 GMRT band3+5
59230.230787 10.391296 0.000057 4.78 3.1605 1.5228 0.3320 399.62 200.00 GMRT band3
59230.230787 10.395557 inf inf 1.0864 1.0117 1.1055 1360.11 200.00 GMRT band5
59238.324711 10.391319 0.000027 3.10 4.4600 0.6569 0.3840 879.86 400.00 GMRT band3+5
59238.324711 10.391335 0.000026 2.69 3.8109 0.5727 0.3615 399.62 200.00 GMRT band3
59238.324711 10.391899 inf inf 0.2308 0.1357 1.6105 1360.11 200.00 GMRT band5
59252.128530 10.391218 0.000029 12.04 3.5966 1.1928 0.2655 879.86 400.00 GMRT band3+5
59252.128530 10.391148 0.000026 4.55 2.8449 0.9431 0.2550 399.62 200.00 GMRT band3
59252.128530 10.393199 inf inf 0.5349 0.4632 0.7920 1360.11 200.00 GMRT band5
59264.157986 10.391281 0.000030 5.12 5.3504 1.9263 0.4170 879.86 400.00 GMRT band3+5
59264.157986 10.391441 0.000037 1.31 3.7537 1.3597 0.4170 399.62 200.00 GMRT band3
59264.157986 10.391284 inf inf 0.0871 0.0027 0.7175 1360.11 200.00 GMRT band5
59272.121238 10.391272 0.000011 0.38 2.6294 1.4885 0.9710 879.86 400.00 GMRT band3+5
59272.121238 10.391251 0.000045 0.54 2.1260 1.3875 1.0045 399.62 200.00 GMRT band3
59272.121238 10.390905 inf inf 0.0017 0.0859 0.6110 1360.11 200.00 GMRT band5
59281.083623 10.391269 0.000018 0.90 3.5303 0.7018 0.5770 879.86 400.00 GMRT band3+5
59281.083623 10.391273 0.000030 1.09 3.3848 0.6971 0.5470 399.62 200.00 GMRT band3
59281.083623 10.395007 inf inf 0.9578 0.8740 0.8610 1360.11 200.00 GMRT band5
59301.042187 10.391249 0.000029 2.01 2.5364 1.3363 0.7430 879.86 400.00 GMRT band3+5
59301.042187 10.391215 0.000055 2.49 2.4671 1.3506 0.7430 399.62 200.00 GMRT band3
59301.042187 10.389206 inf inf 0.3991 0.4779 0.9425 1360.11 200.00 GMRT band5
59309.176967 10.391293 0.000034 1.10 3.6214 0.9635 1.8370 879.86 400.00 GMRT band3+5
59309.176967 10.391174 0.000095 1.07 2.9322 0.9073 1.8370 399.62 200.00 GMRT band3
59309.176967 10.386865 inf inf 0.9467 1.0357 1.4545 1360.11 200.00 GMRT band5
59349.008333 10.391188 0.000020 2.97 3.2484 0.4581 0.3390 879.67 400.00 GMRT band3+5
59349.008333 10.391193 0.000025 3.80 2.6805 0.4335 0.2955 399.23 200.00 GMRT band3
59349.008333 10.389452 inf inf 0.3415 0.4062 1.7165 1360.11 200.00 GMRT band5
59360.006076 10.391181 0.000021 0.67 2.3991 1.4172 0.6755 879.67 400.00 GMRT band3+5
59360.006076 10.391172 0.000022 0.66 2.3174 0.4764 0.6280 399.23 200.00 GMRT band3
59360.006076 10.381055 inf inf 2.3055 2.3684 2.9335 1360.11 200.00 GMRT band5
59380.831539 10.391130 0.000024 5.72 3.2069 1.2390 0.3140 879.67 400.00 GMRT band3+5
59380.831539 10.391240 0.000028 1.64 2.4089 1.0498 0.3140 399.23 200.00 GMRT band3
59380.831539 10.393250 inf inf 0.5467 0.4957 0.5945 1360.11 200.00 GMRT band5
59391.732581 10.391014 0.000026 8.04 2.1015 1.3150 0.2990 879.67 400.00 GMRT band3+5
59391.732581 10.391109 0.000022 1.83 1.6187 0.9509 0.2990 399.23 200.00 GMRT band3
59391.732581 10.392700 inf inf 0.4182 0.3944 0.6270 1360.11 200.00 GMRT band5
59403.803761 10.391025 0.000009 0.68 1.3234 0.4673 0.5700 879.67 400.00 GMRT band3+5
59403.803761 10.391023 0.000022 0.87 1.1378 0.4099 0.5700 399.23 200.00 GMRT band3
59403.803761 10.392184 inf inf 0.2974 0.2710 0.5755 1360.11 200.00 GMRT band5
59413.713252 10.391360 0.000134 0.16 1.9190 0.6821 1.9850 399.23 200.00 GMRT band3
59425.694271 10.390999 0.000038 1.74 1.0861 0.7624 0.5390 879.66 400.00 GMRT band3+5
59425.694271 10.390988 0.000050 2.33 0.8595 0.6992 0.4860 399.22 200.00 GMRT band3
59425.694271 10.394217 inf inf 0.7728 0.7525 1.9565 1360.10 200.00 GMRT band5
59441.684317 10.391001 0.000010 0.70 1.7192 1.1221 0.3520 879.66 400.00 GMRT band3+5
59441.684317 10.391004 0.000019 0.93 1.3099 0.3076 0.3520 399.22 200.00 GMRT band3
59441.684317 10.391728 inf inf 0.1907 0.1696 1.0410 1360.10 200.00 GMRT band5
59449.552141 10.391025 0.000032 4.25 1.4650 0.6055 0.3505 879.66 400.00 GMRT band3+5
59449.552141 10.391048 0.000042 4.90 1.1478 0.5056 0.3345 399.22 200.00 GMRT band3
59449.552141 10.392279 inf inf 0.3196 0.2931 1.1315 1360.10 200.00 GMRT band5
59460.559954 10.390980 0.000030 3.88 0.7394 0.4681 0.2340 399.22 200.00 GMRT band3
59468.555671 10.353632 0.020469 5191.45 507.3711 678.9785 22.4990 879.66 400.00 GMRT band3+5
59468.555671 10.436190 0.003522 29.92 484.4949 674.3540 153.1315 399.22 200.00 GMRT band3
59468.555671 10.391856 inf inf 0.2208 8.9367 0.7650 1360.10 200.00 GMRT band5
59469.515220 10.391013 0.000016 1.87 1.2219 0.3019 0.2990 879.66 400.00 GMRT band3+5
59469.515220 10.391037 0.000016 1.20 1.0850 0.2801 0.2760 399.22 200.00 GMRT band3
59469.515220 10.392907 inf inf 0.4665 0.4431 0.7235 1360.10 200.00 GMRT band5
59496.489641 10.391023 0.000022 1.16 1.1185 0.1459 0.3740 399.22 200.00 GMRT band3
