58284.451736 10.246316 0.000471 0.20 11.5419 15.2066 20.0540 929.95 200.00 GMRT band3+5
58284.451736 10.242601 0.000746 0.03 6.5175 4.6845 9.7140 449.95 100.00 GMRT band3
58284.451736 10.215878 inf inf 3.2937 3.6320 31.1690 1409.95 100.00 GMRT band5
58315.364063 10.247977 0.000834 0.04 56.2672 59.1794 80.4400 929.95 200.00 GMRT band3+5
58315.364063 10.241895 0.001021 0.00 17.3228 19.1642 57.8600 449.95 100.00 GMRT band3
58315.364063 10.190124 inf inf 5.9912 6.0591 749.8670 1409.95 100.00 GMRT band5
58347.189410 10.246983 0.000495 0.49 19.8619 19.9435 12.6865 929.95 200.00 GMRT band3+5
58347.189410 10.245734 0.000424 0.11 6.4951 5.5733 10.6695 449.95 100.00 GMRT band3
58347.189410 10.533359 inf inf 29.9590 29.9950 27.2095 1409.95 100.00 GMRT band5
58363.217014 10.248889 0.000201 0.06 8.4652 13.3957 29.5790 929.95 200.00 GMRT band3+5
58363.217014 10.245037 0.001345 0.03 8.3070 12.2967 37.1905 449.95 100.00 GMRT band3
58363.217014 10.253025 inf inf 0.5966 0.4332 13.0135 1409.95 100.00 GMRT band5
58378.163079 10.247491 0.000334 0.70 4.0478 4.1150 4.1620 929.95 200.00 GMRT band3+5
58378.163079 10.247302 0.000541 0.96 2.9685 3.2133 3.0890 449.95 100.00 GMRT band3
58378.163079 10.303687 inf inf 5.9036 5.8867 16.4870 1409.95 100.00 GMRT band5
58462.919965 10.247671 0.000531 1.30 8.2557 9.3742 5.8290 929.95 200.00 GMRT band3+5
58462.919965 10.244323 0.001276 0.62 6.4343 6.9973 5.6890 449.95 100.00 GMRT band3
58462.919965 10.260626 inf inf 1.3930 1.3570 13.3775 1409.95 100.00 GMRT band5
58476.880613 10.245706 0.000814 0.51 39.7397 42.9513 18.0975 929.95 200.00 GMRT band3+5
58476.880613 10.245162 0.002211 0.32 10.0137 6.4648 17.2235 449.95 100.00 GMRT band3
58476.880613 9.764219 inf inf 50.6119 50.4417 38.1290 1409.95 100.00 GMRT band5
58504.765972 10.248878 0.000563 0.71 12.8038 13.5759 15.8685 929.95 200.00 GMRT band3+5
58504.765972 10.247363 0.001016 0.03 2.2124 4.0182 15.7130 449.95 100.00 GMRT band3
58504.765972 10.515688 inf inf 28.1121 27.9500 16.9915 1409.95 100.00 GMRT band5
58517.795602 10.247152 0.000748 0.46 23.0895 22.8554 25.9780 929.95 200.00 GMRT band3+5
58517.795602 10.252915 0.002594 0.29 22.5372 22.6681 29.2720 449.95 100.00 GMRT band3
58517.795602 10.129740 inf inf 12.3176 12.2992 24.1400 1409.95 100.00 GMRT band5
58560.599827 10.247226 0.000788 1.28 13.9011 13.7678 20.6780 929.95 200.00 GMRT band3+5
58560.599827 10.243024 0.000143 0.01 9.5019 9.1955 5.4210 449.95 100.00 GMRT band3
58560.599827 10.474241 inf inf 23.7659 23.7770 23.5285 1409.95 100.00 GMRT band5
58424.089005 10.247070 0.000889 2.09 174.7723 173.6536 58.4930 879.66 400.00 GMRT band3+5
58424.089005 10.242309 0.004010 2.43 166.4567 163.5977 64.3830 399.22 200.00 GMRT band3
58424.089005 10.230116 0.031686 0.90 8.7383 9.0651 10.7580 1360.10 200.00 GMRT band5
58435.990857 10.150187 0.006497 54.91 688.1768 1556.0527 52.6070 879.56 400.00 GMRT band3+5
58435.990857 10.245578 0.002114 0.25 153.4280 1385.6906 268.3540 399.22 200.00 GMRT band3
58435.990857 10.234423 0.032415 1.41 9.0340 24.1043 9.9185 1359.90 200.00 GMRT band5
59343.516145 10.247433 0.000131 1.10 14.4891 14.8352 4.4920 879.67 400.00 GMRT band3+5
59343.516145 10.247437 0.000139 1.15 7.2846 7.0425 4.2190 399.23 200.00 GMRT band3
59343.516145 10.346818 inf inf 24.5958 24.5700 19.0990 1360.11 200.00 GMRT band5
59355.465509 10.246613 0.000304 1.82 19.2692 16.7188 8.9040 879.67 400.00 GMRT band3+5
59355.465509 10.246538 0.000371 2.06 16.1796 14.2834 8.3790 399.23 200.00 GMRT band3
59355.465509 10.292910 inf inf 11.2686 11.8900 17.0510 1360.11 200.00 GMRT band5
59364.373900 10.247403 0.003639 24.39 3938.2129 3526.8560 50.2170 879.67 400.00 GMRT band3+5
59364.373900 10.246774 0.002495 10.99 219.1477 206.9740 41.2430 399.23 200.00 GMRT band3
59364.373900 10.501673 4.010000 100.55 1918.4814 1525.6605 134.2060 1360.11 200.00 GMRT band5
59376.338020 10.246697 0.003766 216.06 3183.2719 3191.5360 5.9040 879.67 400.00 GMRT band3+5
59376.338020 10.247317 0.000480 3.49 7.7310 9.3240 5.0830 399.23 200.00 GMRT band3
59376.338020 -4.865772 10.229000 487.08 3357.1943 3369.1123 169.7030 1360.11 200.00 GMRT band5
59385.346122 10.247558 0.000334 5.77 782.2173 765.3447 4.5865 879.67 400.00 GMRT band3+5
59385.346122 10.247560 0.000280 4.07 10.5422 10.5871 4.4555 399.23 200.00 GMRT band3
59385.346122 7.574671 inf inf 940.5499 940.6306 131.5820 1360.11 200.00 GMRT band5
59397.341319 10.247024 0.000277 3.32 18.2386 21.1368 4.0720 879.67 400.00 GMRT band3+5
59397.341319 10.247063 0.000349 4.23 8.1537 7.6529 3.5400 399.23 200.00 GMRT band3
59397.341319 10.187033 0.006887 0.01 18.5114 18.4220 15.0120 1360.11 200.00 GMRT band5
59406.302951 10.246872 0.000209 1.78 14.9657 14.7923 6.6380 879.67 400.00 GMRT band3+5
59406.302951 10.246747 0.000242 1.97 9.4684 9.5902 5.2410 399.23 200.00 GMRT band3
59406.302951 10.325124 0.020945 0.13 21.5337 21.8647 16.8405 1360.11 200.00 GMRT band5
59427.254745 10.247418 0.000232 5.22 349.4493 353.2123 3.5880 879.66 400.00 GMRT band3+5
59427.254745 10.247420 0.000251 6.05 6.2038 5.7246 2.9275 399.22 200.00 GMRT band3
59427.254745 10.745912 0.600720 3.85 302.4057 301.3140 43.1320 1360.10 200.00 GMRT band5
59435.243461 10.247863 0.000113 2.68 8.0796 2.4068 1.9150 399.22 200.00 GMRT band3
59446.198901 10.249085 0.000096 0.91 2409.9577 2414.5833 2.2315 879.66 400.00 GMRT band3+5
59446.198901 10.249076 0.000097 0.90 15.3512 1.5778 2.0575 399.22 200.00 GMRT band3
59446.198901 10.486890 inf inf 27.9550 27.7499 20.6940 1360.10 200.00 GMRT band5
59456.185416 10.244433 0.011081 27.57 3883.6862 5343.7994 62.6250 879.66 400.00 GMRT band3+5
59456.185416 10.248754 0.002562 1.23 87.9723 86.7511 57.0650 399.22 200.00 GMRT band3
59456.185416 58.907395 5.768400 3.76 2938.8223 4859.9087 565.0680 1360.10 200.00 GMRT band5
59484.014409 10.246761 0.000104 1.54 1969.9062 2113.6942 1.9170 879.66 400.00 GMRT band3+5
59484.014409 10.246743 0.000102 1.47 3.6203 3.3911 1.7285 399.22 200.00 GMRT band3
59484.014409 10.257164 0.198140 0.83 46.8895 46.4453 34.0660 1360.10 200.00 GMRT band5
59492.056539 10.246936 0.000177 2.41 7.2210 5.8086 4.5450 879.66 400.00 GMRT band3+5
59492.056539 10.246923 0.000191 2.73 7.1895 6.7042 4.4170 399.22 200.00 GMRT band3
59492.056539 10.234626 inf inf 2.8128 2.7256 31.9050 1360.10 200.00 GMRT band5
