58259.808623 62.393040 0.000300 0.29 9.1246 6.9761 10.9795 929.95 200.00 GMRT band3+5
58259.808623 62.394602 0.000495 0.07 9.0754 4.2177 9.6430 449.95 100.00 GMRT band3
58259.808623 62.270724 inf inf 12.6246 12.3678 15.8920 1409.95 100.00 GMRT band5
58276.768576 62.393723 0.000250 0.21 13.5691 5.6069 11.1070 929.95 200.00 GMRT band3+5
58276.768576 62.395204 0.000391 0.03 14.9886 5.6910 9.9155 449.95 100.00 GMRT band3
58276.768576 62.320835 inf inf 7.3751 7.6345 13.6510 1409.95 100.00 GMRT band5
58322.596354 62.393508 0.000301 0.29 5.8802 5.7239 9.1840 929.95 200.00 GMRT band3+5
58322.596354 62.392364 0.000912 0.23 5.0586 5.0356 8.8515 449.95 100.00 GMRT band3
58322.596354 62.310634 inf inf 8.4425 8.2367 14.7275 1409.95 100.00 GMRT band5
58340.564931 62.393876 0.000871 1.80 32.3050 24.3245 12.3740 929.95 200.00 GMRT band3+5
58340.564931 62.399212 0.001597 0.65 24.5688 18.0357 10.0390 449.95 100.00 GMRT band3
58340.564931 62.456663 inf inf 6.8507 6.5729 18.8915 1409.95 100.00 GMRT band5
58355.514178 62.393909 0.000331 0.33 16.8250 8.7934 8.4270 929.95 200.00 GMRT band3+5
58355.514178 62.395257 0.000777 0.27 13.5415 7.1125 8.1370 449.95 100.00 GMRT band3
58355.514178 62.406705 inf inf 1.6188 0.8958 16.6280 1409.95 100.00 GMRT band5
58371.475289 62.393385 0.000436 0.30 12.6422 9.9550 20.8580 929.95 200.00 GMRT band3+5
58371.475289 62.393906 0.002494 0.26 11.2899 7.5876 21.6060 449.95 100.00 GMRT band3
58371.475289 62.237461 inf inf 16.1051 16.3289 18.2670 1409.95 100.00 GMRT band5
58389.373438 62.393910 0.000381 0.42 11.8361 7.5097 10.3200 929.95 200.00 GMRT band3+5
58389.373438 62.394510 0.001104 0.54 10.6543 6.5363 9.3930 449.95 100.00 GMRT band3
58389.373438 62.355857 inf inf 3.7062 4.4323 16.5535 1409.95 100.00 GMRT band5
58440.340336 62.393606 0.000101 0.03 7.8621 5.1148 10.7380 929.95 200.00 GMRT band3+5
58440.340336 62.393357 0.000624 0.05 6.6998 4.2755 10.1750 449.95 100.00 GMRT band3
58440.340336 62.386201 inf inf 0.5286 0.7756 15.3690 1409.95 100.00 GMRT band5
58453.248553 62.391992 0.002191 0.56 293.2285 227.3767 278.4720 929.95 200.00 GMRT band3+5
58453.248553 62.217481 inf inf 18.2009 17.8345 18.5770 1409.95 100.00 GMRT band5
58467.233970 62.393998 0.000462 0.26 12.2130 14.7258 24.6290 929.95 200.00 GMRT band3+5
58467.233970 62.390756 0.001262 0.07 5.7576 11.5085 27.7910 449.95 100.00 GMRT band3
58467.233970 62.222550 inf inf 17.6707 17.9590 19.6795 1409.95 100.00 GMRT band5
58481.201620 62.393421 0.000665 0.95 33.6332 28.5350 23.5040 929.95 200.00 GMRT band3+5
58481.201620 62.397909 0.002585 0.78 28.2787 24.8637 23.5040 449.95 100.00 GMRT band3
58481.201620 62.304335 inf inf 9.1044 9.3321 19.1395 1409.95 100.00 GMRT band5
58510.124306 62.392185 0.000821 0.78 46.6156 43.2525 25.4320 929.95 200.00 GMRT band3+5
58510.124306 62.405482 0.002406 0.10 41.8045 37.9243 29.8870 449.95 100.00 GMRT band3
58510.124306 62.291413 inf inf 10.4587 10.9992 16.5380 1409.95 100.00 GMRT band5
58566.921470 62.393707 0.000239 0.17 9.2938 8.9075 8.3505 929.95 200.00 GMRT band3+5
58566.921470 62.394215 0.000309 0.08 8.5628 3.0488 7.2190 449.95 100.00 GMRT band3
58566.921470 62.257444 inf inf 14.0176 13.8334 17.4685 1409.95 100.00 GMRT band5
58413.437674 62.306573 0.014406 2.47 620.0913 937.2311 903.8730 879.66 400.00 GMRT band3+5
58413.437674 62.440640 0.039019 0.75 600.7615 930.0790 1014.8620 399.22 200.00 GMRT band3
58413.437674 62.390241 inf inf 0.2352 19.1195 10.2440 1360.10 200.00 GMRT band5
58431.381134 62.495137 0.010717 1.93 969.4739 1811.3381 1022.1815 879.66 400.00 GMRT band3+5
58431.381134 62.442107 0.039713 1.61 961.2134 1804.7933 1126.4745 399.22 200.00 GMRT band3
58431.381134 62.399959 inf inf 2.0372 22.2567 14.4995 1360.10 200.00 GMRT band5
58781.342014 62.393632 0.000179 0.21 22.1222 4.1777 5.6680 879.95 400.00 GMRT band3+5
58781.342014 62.393981 0.000371 0.24 12.4747 1.6341 5.0830 399.80 200.00 GMRT band3
58781.342014 62.382260 inf inf 2.1015 2.6594 12.8605 1360.10 200.00 GMRT band5
58792.365567 62.394333 0.000176 0.93 35.8363 5.7376 5.6085 879.95 400.00 GMRT band3+5
58792.365567 62.394532 0.000226 0.92 26.5175 5.5095 5.1150 399.80 200.00 GMRT band3
58792.365567 62.405048 inf inf 3.2273 2.9488 10.5665 1360.10 200.00 GMRT band5
58804.392245 62.394270 0.000175 0.96 31.1383 6.3734 4.7585 879.95 400.00 GMRT band3+5
58804.392245 62.394338 0.000225 1.18 26.6774 5.3698 4.6105 399.80 200.00 GMRT band3
58804.392245 62.418094 inf inf 6.2782 5.5708 11.4065 1360.10 200.00 GMRT band5
58844.152083 62.394438 0.000295 2.41 43.5658 9.0206 4.2935 879.95 400.00 GMRT band3+5
58844.152083 62.394794 0.000321 1.94 31.7689 8.4238 4.1340 399.80 200.00 GMRT band3
58844.152083 62.372277 inf inf 4.4368 5.1830 9.4715 1360.10 200.00 GMRT band5
58854.102026 62.394050 0.000421 2.80 22.1010 4.0104 3.4820 399.80 200.00 GMRT band3
58874.135012 62.394157 0.000425 6.27 1165.6436 1185.8424 4.3945 879.95 400.00 GMRT band3+5
58874.135012 62.394193 0.000185 1.19 26.0815 5.1580 4.1915 399.80 200.00 GMRT band3
58874.135012 67.947030 inf inf 1299.5033 1298.8229 365.0740 1360.10 200.00 GMRT band5
58892.997570 62.393901 0.000235 2.82 33.6821 5.6076 3.9770 879.95 400.00 GMRT band3+5
58892.997570 62.394120 0.000198 1.68 26.0516 4.7203 3.6050 399.80 200.00 GMRT band3
58892.997570 62.394673 inf inf 0.8012 0.1833 11.0910 1360.10 200.00 GMRT band5
58902.985359 62.393649 0.000244 2.60 29.8246 5.3873 3.6070 879.95 400.00 GMRT band3+5
58902.985359 62.393844 0.000259 2.35 23.7275 3.8213 3.3575 399.80 200.00 GMRT band3
58902.985359 62.401479 inf inf 2.3933 1.8313 10.4370 1360.10 200.00 GMRT band5
58914.089757 62.394180 0.000198 1.25 37.0076 3.4763 4.2040 879.95 400.00 GMRT band3+5
58914.089757 62.394325 0.000186 0.95 29.5816 2.3632 3.6775 399.80 200.00 GMRT band3
58914.089757 62.389873 inf inf 0.3214 1.0075 17.5545 1360.10 200.00 GMRT band5
58922.094850 62.393497 0.000236 1.56 29.7971 5.3472 4.3510 879.95 400.00 GMRT band3+5
58922.094850 62.393693 0.000283 1.61 23.2648 4.3018 4.2710 399.80 200.00 GMRT band3
58922.094850 62.401450 inf inf 2.3866 1.8602 11.1410 1360.10 200.00 GMRT band5
59000.886979 62.393330 0.000510 4.74 36.6724 16.1753 8.4290 879.95 400.00 GMRT band3+5
59000.886979 62.394593 0.000259 0.53 29.3527 13.9173 7.4220 399.80 200.00 GMRT band3
59000.886979 62.408337 inf inf 3.9968 3.5095 10.0040 1360.10 200.00 GMRT band5
59008.734896 62.393960 0.000365 3.73 36.0899 9.1639 6.0550 879.95 400.00 GMRT band3+5
59008.734896 62.394744 0.000310 1.48 31.1060 7.1955 5.5330 399.80 200.00 GMRT band3
59008.734896 62.379278 inf inf 2.7992 3.4334 9.4380 1360.10 200.00 GMRT band5
59015.850752 62.394429 0.000282 2.30 37.5782 3.9652 5.3000 879.95 400.00 GMRT band3+5
59015.850752 62.394926 0.000125 0.31 31.1546 3.6156 5.2040 399.80 200.00 GMRT band3
59015.850752 62.371178 inf inf 4.6931 5.4378 10.7375 1360.10 200.00 GMRT band5
59016.025058 62.314390 0.101870 8.00 1714.3729 1032.8341 968.9635 399.80 200.00 GMRT band3
59022.777836 62.394186 0.000307 2.89 40.7244 11.7593 6.3050 879.95 400.00 GMRT band3+5
59022.777836 62.394887 0.000193 0.64 33.0336 9.5980 5.7380 399.80 200.00 GMRT band3
59022.777836 62.389384 inf inf 0.4358 1.1229 9.6580 1360.10 200.00 GMRT band5
59032.825174 62.394326 0.000374 4.35 45.3646 13.1110 6.0740 879.95 400.00 GMRT band3+5
59032.825174 62.395128 0.000257 1.19 35.7530 9.2586 5.5500 399.80 200.00 GMRT band3
59032.825174 62.400447 inf inf 2.1512 1.4311 9.8245 1360.10 200.00 GMRT band5
59044.763368 62.393285 0.000662 9.46 52.1732 31.6711 7.7560 879.95 400.00 GMRT band3+5
59044.763368 62.395156 0.000707 3.17 35.8159 26.3650 6.9600 399.80 200.00 GMRT band3
59044.763368 62.400034 inf inf 2.0548 1.5783 9.4635 1360.10 200.00 GMRT band5
59062.560764 62.393576 0.000387 1.45 29.6241 13.5729 9.3620 879.95 400.00 GMRT band3+5
59062.560764 62.394428 0.000484 0.94 19.1467 9.2280 7.9765 399.80 200.00 GMRT band3
59062.560764 62.390246 inf inf 0.2341 0.3342 13.6000 1360.10 200.00 GMRT band5
59075.530961 62.392963 0.000278 0.78 26.0994 13.0345 10.6440 879.95 400.00 GMRT band3+5
59075.530961 62.394135 0.000385 0.29 18.3264 8.3379 10.6440 399.80 200.00 GMRT band3
59075.530961 62.377920 inf inf 3.1162 3.0730 10.1025 1360.10 200.00 GMRT band5
59082.528299 62.394221 0.000477 3.82 42.2508 14.8296 7.9255 879.95 400.00 GMRT band3+5
59082.528299 62.395407 0.000275 0.67 37.1118 13.2524 7.5825 399.80 200.00 GMRT band3
59082.528299 62.378335 inf inf 3.0192 3.2699 11.5155 1360.10 200.00 GMRT band5
59093.616030 62.392630 0.000314 0.71 13.5221 8.1089 6.9460 879.95 400.00 GMRT band3+5
59093.616030 62.393380 0.000598 0.64 11.7489 7.7481 6.4340 399.80 200.00 GMRT band3
59093.616030 62.420699 inf inf 6.8862 6.5630 10.1990 1360.10 200.00 GMRT band5
59100.573322 62.393859 0.000458 3.64 40.2437 10.1000 7.8600 879.95 400.00 GMRT band3+5
59100.573322 62.395140 0.000363 0.96 32.0214 7.9346 6.6580 399.80 200.00 GMRT band3
59100.573322 62.401777 inf inf 2.4622 2.2959 10.5485 1360.10 200.00 GMRT band5
59113.499711 62.391849 0.000733 2.76 29.4980 53.3060 11.8060 879.95 400.00 GMRT band3+5
59113.499711 62.396301 0.001169 0.62 15.5111 45.2473 15.4720 399.80 200.00 GMRT band3
59113.499711 62.382609 inf inf 2.0198 2.6050 10.9190 1360.10 200.00 GMRT band5
59133.355845 62.393662 0.000403 4.28 36.1318 12.2088 6.8735 879.95 400.00 GMRT band3+5
59133.355845 62.394717 0.000191 0.50 30.8276 11.4722 6.5745 399.80 200.00 GMRT band3
59133.355845 62.386922 inf inf 1.0112 1.5736 10.0855 1360.10 200.00 GMRT band5
59187.327257 62.394403 0.000532 6.87 55.5884 18.1559 6.0950 879.85 400.00 GMRT band3+5
59187.327257 62.395424 0.000312 1.53 40.4001 11.7830 6.0120 399.61 200.00 GMRT band3
59187.327257 62.394112 inf inf 0.6699 0.0682 9.3425 1360.10 200.00 GMRT band5
59196.293924 62.394311 0.000435 5.78 40.7185 11.0646 5.6555 879.85 400.00 GMRT band3+5
59196.293924 62.395076 0.000204 0.89 34.0459 9.2717 4.9155 399.61 200.00 GMRT band3
59196.293924 62.401515 inf inf 2.4014 2.1294 9.5355 1360.10 200.00 GMRT band5
59208.327083 62.393893 0.000472 7.42 41.7935 15.1325 5.6130 879.85 400.00 GMRT band3+5
59208.327083 62.394599 0.000367 3.17 31.9751 11.0411 5.2430 399.61 200.00 GMRT band3
59208.327083 62.408434 inf inf 4.0197 3.4019 10.4170 1360.10 200.00 GMRT band5
59217.196123 62.393446 0.000655 5.74 37.1473 16.9102 7.3645 879.85 400.00 GMRT band3+5
59217.196123 62.395377 0.000214 0.25 34.3904 14.7843 4.4015 399.61 200.00 GMRT band3
59217.196123 62.389491 inf inf 0.4109 0.9238 9.9935 1360.10 200.00 GMRT band5
59230.140799 62.393670 0.000380 5.94 31.8361 10.8821 4.6615 879.86 400.00 GMRT band3+5
59230.140799 62.394278 0.000235 1.62 28.3075 9.7195 4.5395 399.62 200.00 GMRT band3
59230.140799 62.390656 inf inf 0.1382 0.7030 9.4125 1360.11 200.00 GMRT band5
59238.278877 62.393617 0.000381 5.82 29.2494 10.2444 4.0790 879.86 400.00 GMRT band3+5
59238.278877 62.394084 0.000330 3.29 26.4401 9.2633 3.2845 399.62 200.00 GMRT band3
59238.278877 62.412642 inf inf 5.0042 4.8922 9.6875 1360.11 200.00 GMRT band5
59264.060764 62.393236 0.000412 5.81 28.5183 4.9398 4.3050 879.86 400.00 GMRT band3+5
59264.060764 62.393883 0.000167 0.66 23.3093 3.8336 3.6610 399.62 200.00 GMRT band3
59264.060764 62.399658 inf inf 1.9673 1.5017 9.3215 1360.11 200.00 GMRT band5
59272.026910 62.392924 0.000268 1.80 23.7031 5.4505 4.5510 879.86 400.00 GMRT band3+5
59272.026910 62.393394 0.000114 0.21 21.8400 4.4431 3.6305 399.62 200.00 GMRT band3
59272.026910 62.392080 inf inf 0.1947 0.1975 10.1445 1360.11 200.00 GMRT band5
59280.944155 62.393306 0.000201 1.62 24.0297 5.5323 4.5250 879.86 400.00 GMRT band3+5
59280.944155 62.393559 0.000138 0.60 19.9597 4.8673 3.8160 399.62 200.00 GMRT band3
59280.944155 62.405572 inf inf 3.3507 3.3107 9.3225 1360.11 200.00 GMRT band5
59287.956829 62.393113 0.000326 4.44 30.2456 4.6886 4.0590 879.86 400.00 GMRT band3+5
59287.956829 62.393488 0.000301 2.86 27.1700 4.5684 3.1430 399.62 200.00 GMRT band3
59287.956829 62.411633 inf inf 4.7683 4.3316 9.3065 1360.11 200.00 GMRT band5
59300.906655 62.393287 0.000341 4.84 26.0036 5.5926 4.1390 879.86 400.00 GMRT band3+5
59300.906655 62.393715 0.000252 2.06 20.7181 3.9206 3.1160 399.62 200.00 GMRT band3
59300.906655 62.399244 inf inf 1.8704 0.9460 9.4340 1360.11 200.00 GMRT band5
59308.954282 62.393411 0.000332 5.03 33.8108 7.7748 4.3440 879.86 400.00 GMRT band3+5
59308.954282 62.393921 0.000140 0.68 27.0676 6.4846 3.4110 399.62 200.00 GMRT band3
59308.954282 62.386725 inf inf 1.0577 2.0105 9.8275 1360.11 200.00 GMRT band5
59348.880150 62.393391 0.000345 6.54 26.4421 3.9712 3.7130 879.67 400.00 GMRT band3+5
59348.880150 62.393838 0.000097 0.41 25.0066 4.2783 3.6750 399.23 200.00 GMRT band3
59348.880150 62.401434 inf inf 2.3825 1.8818 9.4210 1360.11 200.00 GMRT band5
59359.880035 62.393123 0.000336 3.17 25.9467 7.9956 5.2210 879.67 400.00 GMRT band3+5
59359.880035 62.393660 0.000294 1.60 24.0378 7.9634 5.0630 399.23 200.00 GMRT band3
59359.880035 62.403357 inf inf 2.8321 2.3937 10.6855 1360.11 200.00 GMRT band5
59370.707060 62.393265 0.000601 7.16 28.2581 12.8463 4.2350 879.67 400.00 GMRT band3+5
59370.707060 62.394351 0.000426 2.25 23.3687 9.9708 3.9990 399.23 200.00 GMRT band3
59370.707060 62.386225 inf inf 1.1745 1.2017 10.1400 1360.11 200.00 GMRT band5
59380.715162 62.392711 0.000508 4.94 27.9270 14.5421 7.3905 879.67 400.00 GMRT band3+5
59380.715162 62.393900 0.000368 1.38 23.9332 12.9575 6.5795 399.23 200.00 GMRT band3
59380.715162 62.403452 inf inf 2.8541 2.0680 9.4305 1360.11 200.00 GMRT band5
59391.613252 62.393453 0.000445 7.32 23.8990 6.1440 3.9280 879.67 400.00 GMRT band3+5
59391.613252 62.394055 0.000208 1.23 23.2966 6.5009 3.1250 399.23 200.00 GMRT band3
59391.613252 62.415072 inf inf 5.5712 5.0552 10.0185 1360.11 200.00 GMRT band5
59403.683160 62.393384 0.000583 13.40 29.3009 9.6629 4.5490 879.67 400.00 GMRT band3+5
59403.683160 62.394291 0.000224 1.31 25.8376 6.5856 4.0970 399.23 200.00 GMRT band3
59403.683160 62.394716 inf inf 0.8111 0.7559 9.6705 1360.11 200.00 GMRT band5
59413.599884 62.391772 0.000482 0.80 47.7103 44.1027 27.8085 879.67 400.00 GMRT band3+5
59413.599884 62.394457 0.001578 0.64 46.1059 42.4494 41.1225 399.23 200.00 GMRT band3
59413.599884 62.354589 inf inf 8.5716 9.1388 10.4075 1360.11 200.00 GMRT band5
59425.576736 62.393101 0.000425 7.43 26.7586 5.3474 3.7220 879.66 400.00 GMRT band3+5
59425.576736 62.393757 0.000193 1.15 21.7106 4.1740 2.3940 399.22 200.00 GMRT band3
59425.576736 62.389202 inf inf 0.4781 1.3561 9.8985 1360.10 200.00 GMRT band5
59449.400521 62.393744 0.000561 6.63 22.0522 7.1694 3.6610 879.66 400.00 GMRT band3+5
59449.400521 62.394283 0.000366 2.39 23.6484 6.6775 3.1060 399.22 200.00 GMRT band3
59449.400521 62.421442 inf inf 7.0602 6.4763 17.6510 1360.10 200.00 GMRT band5
59460.407350 62.393183 0.000549 10.98 24.7944 8.7665 4.4650 879.66 400.00 GMRT band3+5
59460.407350 62.394040 0.000256 1.70 22.8206 7.7746 3.7320 399.22 200.00 GMRT band3
59460.407350 62.423446 inf inf 7.5287 7.0731 10.1405 1360.10 200.00 GMRT band5
59469.399595 62.393000 0.000432 6.03 22.9245 5.6451 6.2370 879.66 400.00 GMRT band3+5
59469.399595 62.393591 0.000177 0.80 20.3392 3.7529 3.2240 399.22 200.00 GMRT band3
59469.399595 62.400296 inf inf 2.1158 1.7060 12.1740 1360.10 200.00 GMRT band5
59489.421644 62.392991 0.000517 10.16 29.3257 9.9653 4.5650 879.66 400.00 GMRT band3+5
59489.421644 62.393839 0.000197 1.04 26.7913 8.8880 4.2240 399.22 200.00 GMRT band3
59489.421644 62.396672 inf inf 1.2685 0.8583 9.5630 1360.10 200.00 GMRT band5
59496.376794 62.393189 0.000161 0.54 13.9364 3.6854 3.7090 399.22 200.00 GMRT band3
