58260.062847 71.017944 0.000042 0.26 4.0167 1.4730 2.8250 929.95 200.00 GMRT band3+5
58260.062847 71.017749 0.000119 0.17 4.1808 1.1195 2.5900 449.95 100.00 GMRT band3
58260.062847 71.040586 0.006138 0.11 2.5428 2.1652 3.0285 1409.95 100.00 GMRT band5
58276.914236 71.017579 0.000060 0.65 3.3697 2.4704 2.4000 929.95 200.00 GMRT band3+5
58276.914236 71.017195 0.000075 0.09 2.8201 1.4155 2.4000 449.95 100.00 GMRT band3
58276.914236 71.072306 0.006189 0.08 4.5912 4.5108 2.9955 1409.95 100.00 GMRT band5
58291.839641 71.019226 0.014938 0.26 1.8814 1.8854 4.6330 1409.95 100.00 GMRT band5
58307.818692 71.017289 0.000059 0.53 5.2138 4.8870 3.6210 929.95 200.00 GMRT band3+5
58307.818692 71.017184 0.000297 0.63 4.6101 3.9653 3.7550 449.95 100.00 GMRT band3
58307.818692 71.026816 0.007655 0.20 1.3172 1.2405 2.5075 1409.95 100.00 GMRT band5
58322.736111 71.017369 0.000035 0.17 7.7846 3.5373 2.4260 929.95 200.00 GMRT band3+5
58322.736111 71.017149 0.000071 0.09 2.3528 1.0005 2.1920 449.95 100.00 GMRT band3
58322.736111 71.023675 0.009870 0.22 1.5272 1.4494 3.1945 1409.95 100.00 GMRT band5
58340.711980 71.017002 0.000049 0.47 2.1355 2.3136 1.9865 929.95 200.00 GMRT band3+5
58340.711980 71.016655 0.000064 0.10 1.2910 1.1373 1.9215 449.95 100.00 GMRT band3
58340.711980 71.043506 0.011001 0.36 3.5912 3.5106 2.7170 1409.95 100.00 GMRT band5
58355.657523 71.016842 0.000041 0.24 1.1952 1.0789 1.9725 929.95 200.00 GMRT band3+5
58355.657523 71.016584 0.000064 0.11 1.2828 0.8180 1.8570 449.95 100.00 GMRT band3
58355.657523 71.024543 0.002057 0.01 0.9628 1.1651 3.2600 1409.95 100.00 GMRT band5
58371.666320 71.016564 0.000122 0.89 2.5126 2.3411 2.1370 929.95 200.00 GMRT band3+5
58371.666320 71.016307 0.000178 0.80 1.8971 1.9525 1.9580 449.95 100.00 GMRT band3
58371.666320 71.016159 inf inf 0.0047 0.4880 4.6490 1409.95 100.00 GMRT band5
58389.544734 71.016827 0.000343 0.70 3.6185 3.1704 3.3835 449.95 100.00 GMRT band3
58440.505382 71.017243 0.000050 0.36 3.7592 1.4284 2.4260 929.95 200.00 GMRT band3+5
58440.505382 71.017327 0.000157 0.36 3.5165 1.2384 2.2190 449.95 100.00 GMRT band3
58440.505382 71.016386 0.018475 0.66 2.0145 1.8012 3.1085 1409.95 100.00 GMRT band5
58453.416204 71.016854 0.000086 1.21 1.9410 2.9020 3.2130 929.95 200.00 GMRT band3+5
58453.416204 71.015949 0.000243 0.66 1.9383 2.6683 3.1320 449.95 100.00 GMRT band3
58453.416204 71.008801 0.016801 0.67 2.2666 2.1676 3.3660 1409.95 100.00 GMRT band5
58467.394734 71.016932 0.000070 0.68 4.0382 2.4263 2.7180 929.95 200.00 GMRT band3+5
58467.394734 71.017302 0.000177 0.52 3.7547 2.4018 2.6400 449.95 100.00 GMRT band3
58467.394734 71.004658 0.020113 0.89 2.2092 2.1708 3.5240 1409.95 100.00 GMRT band5
58481.365394 71.017089 0.000035 0.37 2.4537 1.7294 2.1110 929.95 200.00 GMRT band3+5
58481.365394 71.017076 0.000100 0.20 2.3799 0.9543 2.0830 449.95 100.00 GMRT band3
58481.365394 70.975663 0.003390 0.02 3.4541 3.4821 2.1700 1409.95 100.00 GMRT band5
58524.268344 71.017089 0.000040 0.23 2.4936 1.4731 2.2030 929.95 200.00 GMRT band3+5
58524.268344 71.017017 0.000104 0.20 2.1891 0.9762 2.1465 449.95 100.00 GMRT band3
58524.268344 71.015576 0.015370 0.62 2.3366 2.3446 3.2595 1409.95 100.00 GMRT band5
58538.185243 71.038896 0.015585 0.27 1.6952 1.0521 2.8530 1409.95 100.00 GMRT band5
58567.052835 71.017365 0.000066 0.87 4.9626 2.2201 2.0580 929.95 200.00 GMRT band3+5
58567.052835 71.016757 0.000128 0.32 1.5830 1.7783 2.0180 449.95 100.00 GMRT band3
58567.052835 70.998034 0.013341 0.39 2.0812 2.1672 3.1885 1409.95 100.00 GMRT band5
58413.602546 70.995843 0.004928 49.17 554.4715 450.4803 44.3720 879.66 400.00 GMRT band3+5
58413.602546 71.041888 0.016584 38.58 552.0859 448.3377 172.1240 399.22 200.00 GMRT band3
58413.602546 71.019802 0.001714 0.68 1.6280 6.1462 0.9365 1360.10 200.00 GMRT band5
58431.552489 71.048300 0.004154 114.96 268.5078 388.7147 36.5280 879.66 400.00 GMRT band3+5
58431.552489 70.886360 0.023166 31.26 266.8403 387.4553 324.2790 399.22 200.00 GMRT band3
58431.552489 71.017868 0.001802 0.90 1.1537 5.7194 0.9430 1360.10 200.00 GMRT band5
58781.494849 71.017208 0.000038 6.04 5.4180 1.3293 0.8150 879.95 400.00 GMRT band3+5
58781.494849 71.016987 0.000031 1.19 5.0201 1.2939 0.5570 399.80 200.00 GMRT band3
58781.494849 71.020897 0.001794 0.60 1.6589 1.4559 1.0400 1360.10 200.00 GMRT band5
58792.490162 71.017202 0.000035 7.10 5.8654 2.5214 0.7325 879.95 400.00 GMRT band3+5
58792.490162 71.017074 0.000022 1.43 5.2904 0.7925 0.3165 399.80 200.00 GMRT band3
58792.490162 71.018336 0.003007 2.00 2.8531 2.6523 1.1695 1360.10 200.00 GMRT band5
58804.438542 71.017172 0.000027 3.90 6.6496 1.0604 0.5940 879.95 400.00 GMRT band3+5
58804.438542 71.017107 0.000023 2.00 5.7636 0.6422 0.3380 399.80 200.00 GMRT band3
58804.438542 71.018937 0.001311 0.29 1.1801 1.0185 1.4180 1360.10 200.00 GMRT band5
58809.418923 71.017062 0.000079 3.85 5.9693 1.0508 0.6460 399.80 200.00 GMRT band3
58820.384202 71.017007 0.000054 2.19 5.1677 0.5661 0.4100 399.80 200.00 GMRT band3
58833.201215 71.017179 0.000034 7.82 7.0486 0.9567 0.6085 879.95 400.00 GMRT band3+5
58833.201215 71.017064 0.000030 3.24 5.3176 0.9211 0.3840 399.80 200.00 GMRT band3
58833.201215 71.017830 0.001268 0.26 1.2239 1.0521 0.9250 1360.10 200.00 GMRT band5
58844.245197 71.017198 0.000035 12.84 6.7601 1.4148 0.5300 879.95 400.00 GMRT band3+5
58844.245197 71.017092 0.000031 6.20 5.5782 0.7948 0.1955 399.80 200.00 GMRT band3
58844.245197 71.019014 0.001499 0.81 1.6290 1.4641 0.8215 1360.10 200.00 GMRT band5
58846.344966 71.017129 0.000034 5.35 7.5967 0.4330 0.2640 399.80 200.00 GMRT band3
58854.191782 71.017206 0.000023 2.74 6.8218 0.3845 0.1865 399.80 200.00 GMRT band3
58860.313832 71.017105 0.000065 26.84 7.3360 0.8267 0.2140 399.80 200.00 GMRT band3
58865.245312 71.017280 0.000042 13.49 4.2141 1.3965 0.3495 879.95 400.00 GMRT band3+5
58865.245312 71.017131 0.000037 5.00 5.4217 1.1698 0.1760 399.80 200.00 GMRT band3
58865.245312 71.021287 0.001276 0.41 1.5834 1.3481 0.9170 1360.10 200.00 GMRT band5
58874.297976 71.017034 0.000058 16.27 259.0811 263.7419 0.6470 879.95 400.00 GMRT band3+5
58874.297976 71.017033 0.000057 16.03 5.6560 0.9707 0.2340 399.80 200.00 GMRT band3
58874.297976 71.660049 0.519550 0.90 258.0976 262.7877 376.8685 1360.10 200.00 GMRT band5
58887.216088 71.016997 0.000051 7.15 5.5532 0.9373 0.4570 399.80 200.00 GMRT band3
58893.127257 71.017136 0.000046 19.66 4.8083 1.1883 0.3310 879.95 400.00 GMRT band3+5
58893.127257 71.016945 0.000023 2.32 4.3050 1.0285 0.1370 399.80 200.00 GMRT band3
58893.127257 71.016066 0.001758 1.02 1.0059 0.8939 0.8505 1360.10 200.00 GMRT band5
58896.153762 71.016908 0.000042 2.74 4.9129 0.5519 0.3420 399.80 200.00 GMRT band3
58903.123495 71.016999 0.000043 13.76 3.2694 2.8832 0.4520 879.95 400.00 GMRT band3+5
58903.123495 71.016871 0.000022 2.32 4.2236 0.7099 0.1750 399.80 200.00 GMRT band3
58903.123495 71.021806 0.003274 1.70 1.4508 1.3416 1.1000 1360.10 200.00 GMRT band5
58911.104167 71.016763 0.000053 11.80 4.7282 0.8916 0.3440 399.80 200.00 GMRT band3
58914.138426 71.016921 0.000041 10.43 4.3143 1.4915 0.6705 879.95 400.00 GMRT band3+5
58914.138426 71.016812 0.000018 1.46 3.8168 0.8184 0.2530 399.80 200.00 GMRT band3
58914.138426 71.020011 0.002387 1.02 1.4357 1.4566 1.2645 1360.10 200.00 GMRT band5
58922.187326 71.016938 0.000038 12.15 4.4089 1.2782 0.6045 879.95 400.00 GMRT band3+5
58922.187326 71.016804 0.000023 2.43 3.8001 0.9726 0.2505 399.80 200.00 GMRT band3
58922.187326 71.018177 0.001955 1.20 1.5827 1.4587 0.8750 1360.10 200.00 GMRT band5
59001.049248 71.016708 0.000022 1.58 2.0462 1.0256 0.9090 879.95 400.00 GMRT band3+5
59001.049248 71.016542 0.000018 0.20 2.2478 1.0173 0.8110 399.80 200.00 GMRT band3
59001.049248 71.018439 0.000757 0.05 0.3926 1.1465 1.0405 1360.10 200.00 GMRT band5
59008.866262 71.016651 0.000021 4.97 3.5427 0.9109 0.4270 879.95 400.00 GMRT band3+5
59008.866262 71.016634 0.000027 6.31 3.7381 0.8048 0.3680 399.80 200.00 GMRT band3
59008.866262 71.019864 0.001076 0.12 0.9143 0.9386 0.9090 1360.10 200.00 GMRT band5
59015.980961 71.016628 0.000015 2.46 2.8316 1.0028 0.4270 879.95 400.00 GMRT band3+5
59015.980961 71.016614 0.000023 3.55 3.0315 0.3300 0.2710 399.80 200.00 GMRT band3
59015.980961 71.018702 0.001040 0.29 1.2386 0.1687 0.9010 1360.10 200.00 GMRT band5
59022.730150 71.016622 0.000022 4.95 2.6902 1.3696 0.4280 879.95 400.00 GMRT band3+5
59022.730150 71.016598 0.000031 6.67 3.5562 0.6605 0.2690 399.80 200.00 GMRT band3
59022.730150 71.018392 0.001028 0.34 0.5872 0.4757 0.8240 1360.10 200.00 GMRT band5
59032.867130 71.016689 0.000021 10.23 3.3237 1.0568 0.4040 879.95 400.00 GMRT band3+5
59032.867130 71.016683 0.000030 15.75 3.9950 0.6932 0.2640 399.80 200.00 GMRT band3
59032.867130 71.015416 0.002144 1.11 1.1551 1.1404 0.9475 1360.10 200.00 GMRT band5
59044.938021 71.016649 0.000025 7.60 3.0831 0.8794 0.3445 879.95 400.00 GMRT band3+5
59044.938021 71.016619 0.000039 10.69 3.2293 0.9448 0.2520 399.80 200.00 GMRT band3
59044.938021 71.019992 0.000496 0.07 0.8575 0.7533 0.8980 1360.10 200.00 GMRT band5
59062.667072 71.016616 0.000032 7.37 3.2587 1.0368 0.5340 879.95 400.00 GMRT band3+5
59062.667072 71.016544 0.000041 6.94 3.2407 0.9997 0.2890 399.80 200.00 GMRT band3
59062.667072 71.015320 0.001401 0.58 0.6714 1.1003 0.9475 1360.10 200.00 GMRT band5
59075.617766 71.016618 0.000030 7.00 3.2431 1.0163 0.3985 879.95 400.00 GMRT band3+5
59075.617766 71.016558 0.000036 6.58 3.3106 0.6835 0.2440 399.80 200.00 GMRT band3
59075.617766 71.018087 0.001668 0.55 0.9085 1.1401 1.0280 1360.10 200.00 GMRT band5
59082.626042 71.016672 0.000034 9.62 2.4088 0.7483 0.4350 879.95 400.00 GMRT band3+5
59082.626042 71.016563 0.000042 7.01 2.5412 0.7118 0.2260 399.80 200.00 GMRT band3
59082.626042 71.016196 0.000636 0.13 0.2769 0.4753 0.8410 1360.10 200.00 GMRT band5
59093.789178 71.016742 0.000023 5.53 3.1348 0.6349 0.3855 879.95 400.00 GMRT band3+5
59093.789178 71.016684 0.000030 5.12 2.8942 0.5439 0.1760 399.80 200.00 GMRT band3
59093.789178 71.017249 0.001038 0.40 0.8591 0.6839 0.8160 1360.10 200.00 GMRT band5
59100.528993 71.016735 0.000032 9.05 3.4024 0.9571 0.4500 879.95 400.00 GMRT band3+5
59100.528993 71.016654 0.000040 8.03 3.1927 0.9366 0.2140 399.80 200.00 GMRT band3
59100.528993 71.015728 0.001913 1.03 0.7886 0.6553 0.8770 1360.10 200.00 GMRT band5
59113.542419 71.016960 0.000018 2.03 4.0635 0.9774 0.6690 879.95 400.00 GMRT band3+5
59113.542419 71.016886 0.000029 1.47 4.3675 0.6619 0.4020 399.80 200.00 GMRT band3
59113.542419 71.020168 0.001773 0.87 1.2963 1.1457 0.9175 1360.10 200.00 GMRT band5
59133.485012 71.017044 0.000013 1.17 6.4440 0.6013 0.4660 879.95 400.00 GMRT band3+5
59133.485012 71.016999 0.000015 0.70 5.6919 0.3524 0.2925 399.80 200.00 GMRT band3
59133.485012 71.018802 0.000649 0.12 0.4696 0.5946 1.0400 1360.10 200.00 GMRT band5
59156.558276 71.018691 0.000923 0.20 0.6097 0.6269 1.0510 1360.10 200.00 GMRT band5
59187.460011 71.017136 0.000035 18.78 7.4609 1.6815 0.3250 879.85 400.00 GMRT band3+5
59187.460011 71.017019 0.000016 2.39 7.6029 1.1089 0.2505 399.61 200.00 GMRT band3
59187.460011 71.021675 0.000312 0.02 1.3775 1.0982 0.8220 1360.10 200.00 GMRT band5
59196.425752 71.020008 0.001161 0.44 1.5379 0.8945 0.9015 1360.10 200.00 GMRT band5
59208.500868 71.017275 0.000035 20.07 7.7912 1.5194 0.2950 879.85 400.00 GMRT band3+5
59208.500868 71.017134 0.000017 2.66 8.4837 1.0904 0.2830 399.61 200.00 GMRT band3
59208.500868 71.019020 0.001358 0.53 1.5621 1.3721 0.8710 1360.10 200.00 GMRT band5
59217.330787 71.017358 0.000036 13.33 8.8799 2.1099 0.4710 879.85 400.00 GMRT band3+5
59217.330787 71.017171 0.000017 1.26 9.0066 1.5244 0.3610 399.61 200.00 GMRT band3
59217.330787 71.018155 0.000857 0.21 0.9716 0.9914 0.8460 1360.10 200.00 GMRT band5
59230.279687 71.017467 0.000048 16.34 8.5490 2.4442 0.6230 879.86 400.00 GMRT band3+5
59230.279687 71.017145 0.000021 0.94 7.6634 2.3938 0.4390 399.62 200.00 GMRT band3
59230.279687 71.020329 0.001453 0.63 1.4243 1.1683 0.8280 1360.11 200.00 GMRT band5
59238.386516 71.017476 0.000047 9.75 7.6200 2.6987 0.6810 879.86 400.00 GMRT band3+5
59238.386516 71.017173 0.000023 0.70 7.1266 2.6987 0.4920 399.62 200.00 GMRT band3
59238.386516 71.016057 0.002357 0.82 1.1049 1.1833 0.9790 1360.11 200.00 GMRT band5
59252.183970 71.017399 0.000043 8.50 5.9100 2.4173 0.7700 879.86 400.00 GMRT band3+5
59252.183970 71.017090 0.000019 0.40 6.2902 2.2880 0.4755 399.62 200.00 GMRT band3
59252.183970 71.022954 0.002619 1.25 2.7828 2.4918 0.9200 1360.11 200.00 GMRT band5
59272.165162 71.017338 0.000049 10.60 6.0875 3.2444 0.7605 879.86 400.00 GMRT band3+5
59272.165162 71.016951 0.000038 1.42 5.6543 3.0156 0.5530 399.62 200.00 GMRT band3
59272.165162 71.017548 0.001832 0.76 0.9956 0.7874 0.9715 1360.11 200.00 GMRT band5
59281.036632 71.017354 0.000046 6.95 4.6772 2.4524 0.7950 879.86 400.00 GMRT band3+5
59281.036632 71.016992 0.000033 0.71 4.9263 2.7328 0.6805 399.62 200.00 GMRT band3
59281.036632 71.024947 0.000804 0.10 2.2511 1.9960 0.8680 1360.11 200.00 GMRT band5
59288.091840 71.017219 0.000051 4.78 4.2896 1.9082 1.0480 879.86 400.00 GMRT band3+5
59288.091840 71.016897 0.000029 0.44 4.3548 2.2088 0.6735 399.62 200.00 GMRT band3
59288.091840 71.022561 0.001303 0.16 1.5803 1.3334 1.2750 1360.11 200.00 GMRT band5
59300.996296 71.017186 0.000037 6.25 6.0571 1.5398 0.7400 879.86 400.00 GMRT band3+5
59300.996296 71.016853 0.000040 1.23 6.1569 1.7855 0.6360 399.62 200.00 GMRT band3
59300.996296 71.017886 0.001355 0.54 0.6763 0.9727 0.8735 1360.11 200.00 GMRT band5
59309.008970 71.017051 0.000047 6.30 2.8435 2.2523 0.7930 879.86 400.00 GMRT band3+5
59309.008970 71.016716 0.000044 1.24 3.6685 1.2977 0.5880 399.62 200.00 GMRT band3
59309.008970 71.018462 0.001075 0.11 0.5244 0.4532 0.8935 1360.11 200.00 GMRT band5
59349.073090 71.016418 0.000042 5.85 1.3010 1.0893 0.7230 879.67 400.00 GMRT band3+5
59349.073090 71.016337 0.000024 1.52 1.3534 0.8018 0.2725 399.23 200.00 GMRT band3
59349.073090 71.022547 0.001929 0.15 1.3315 1.1765 1.9530 1360.11 200.00 GMRT band5
59360.068403 71.016381 0.000039 3.05 2.3475 2.4539 0.8615 879.67 400.00 GMRT band3+5
59360.068403 71.016279 0.000012 0.21 0.5661 1.1252 0.5960 399.23 200.00 GMRT band3
59360.068403 71.016807 0.004998 0.85 2.8054 2.7770 2.9030 1360.11 200.00 GMRT band5
59370.902488 71.016325 0.000063 30.58 1.7681 1.2969 0.4030 879.67 400.00 GMRT band3+5
59370.902488 71.016125 0.000032 4.71 0.5430 1.8054 0.1925 399.23 200.00 GMRT band3
59370.902488 71.020029 0.002194 0.95 1.5904 0.7927 1.0110 1360.11 200.00 GMRT band5
59380.939873 71.016172 0.000077 60.31 2.4157 2.1701 0.4580 879.67 400.00 GMRT band3+5
59380.939873 71.015913 0.000029 5.51 2.8924 2.6752 0.1815 399.23 200.00 GMRT band3
59380.939873 71.016596 0.001579 0.74 0.6715 0.6734 0.9110 1360.11 200.00 GMRT band5
59391.792303 71.016114 0.000082 71.84 1.9104 1.4503 0.4025 879.67 400.00 GMRT band3+5
59391.792303 71.015824 0.000024 3.61 2.4079 1.8903 0.1450 399.23 200.00 GMRT band3
59391.792303 71.017914 0.001492 0.59 0.8667 0.8740 0.8400 1360.11 200.00 GMRT band5
59403.873090 71.016156 0.000062 42.16 1.5984 1.4360 0.3425 879.67 400.00 GMRT band3+5
59403.873090 71.015969 0.000040 11.18 1.7763 1.4956 0.1400 399.23 200.00 GMRT band3
59403.873090 71.019780 0.002096 1.05 1.4079 1.3945 1.0260 1360.11 200.00 GMRT band5
59417.879803 71.016253 0.000059 34.54 1.0793 1.2257 0.3000 879.67 400.00 GMRT band3+5
59417.879803 71.016025 0.000033 5.34 1.3559 0.9685 0.2040 399.23 200.00 GMRT band3
59417.879803 71.018588 0.001158 0.33 0.6306 0.6224 0.9410 1360.11 200.00 GMRT band5
59425.753993 71.016109 0.000065 46.66 2.4619 1.7624 0.2810 879.66 400.00 GMRT band3+5
59425.753993 71.015927 0.000024 4.20 2.6267 1.8748 0.1730 399.22 200.00 GMRT band3
59425.753993 71.022930 0.002528 0.78 1.2206 1.2325 0.9535 1360.10 200.00 GMRT band5
59441.647280 71.015870 0.000040 19.12 4.1230 3.2902 0.1835 879.66 400.00 GMRT band3+5
59441.647280 71.015835 0.000027 8.42 2.4217 0.4450 0.1145 399.22 200.00 GMRT band3
59441.647280 71.011029 0.008839 2.74 4.0729 2.6796 2.0000 1360.10 200.00 GMRT band5
59449.625289 71.015960 0.000059 45.35 2.2779 2.0530 0.2860 879.66 400.00 GMRT band3+5
59449.625289 71.015868 0.000052 29.16 2.5383 0.9738 0.1410 399.22 200.00 GMRT band3
59449.625289 71.020987 0.002422 0.64 2.1365 2.1259 1.3950 1360.10 200.00 GMRT band5
59460.620081 71.015940 0.000040 10.51 2.8716 0.9731 0.2160 399.22 200.00 GMRT band3
59469.576620 71.016029 0.000048 25.80 1.2733 2.2893 0.2235 879.66 400.00 GMRT band3+5
59469.576620 71.015993 0.000052 27.84 1.7815 0.9488 0.1105 399.22 200.00 GMRT band3
59469.576620 71.018483 0.002643 0.33 1.0959 2.3765 1.8535 1360.10 200.00 GMRT band5
59489.637732 71.016024 0.000048 40.87 2.5313 1.3362 0.3520 879.66 400.00 GMRT band3+5
59489.637732 71.015918 0.000043 23.64 2.8902 0.9860 0.1140 399.22 200.00 GMRT band3
59489.637732 71.017172 0.001503 0.82 1.0359 1.0549 0.8515 1360.10 200.00 GMRT band5
59496.632118 71.016079 0.000045 33.43 3.0275 2.1068 0.3285 879.66 400.00 GMRT band3+5
59496.632118 71.015984 0.000046 24.66 2.6085 1.7129 0.1405 399.22 200.00 GMRT band3
59496.632118 71.017588 0.002956 2.40 2.1517 2.1480 0.8815 1360.10 200.00 GMRT band5
