58251.400753 38.777396 0.000700 0.78 12.9518 12.8904 9.7560 929.95 200.00 GMRT band3+5
58251.400753 38.777996 0.001169 0.89 9.6906 9.5784 9.6150 449.95 100.00 GMRT band3
58251.400753 38.830656 inf inf 5.5788 5.5777 29.3815 1409.95 100.00 GMRT band5
58266.323669 38.777961 0.001140 1.32 692.7862 688.1997 6.7525 929.95 200.00 GMRT band3+5
58266.323669 38.777896 0.001108 1.24 4.9463 4.1424 5.5270 449.95 100.00 GMRT band3
58266.323669 45.640061 inf inf 718.7649 718.7037 685.3025 1409.95 100.00 GMRT band5
58284.324595 38.777799 0.000595 0.76 17.1044 16.8784 10.1180 929.95 200.00 GMRT band3+5
58284.324595 38.779825 0.001068 0.48 8.7263 8.1791 9.9830 449.95 100.00 GMRT band3
58284.324595 38.410669 inf inf 38.4104 38.4536 26.2135 1409.95 100.00 GMRT band5
58299.298669 38.777059 0.000311 0.35 10.8963 11.7725 9.9115 929.95 200.00 GMRT band3+5
58299.298669 38.777140 0.000616 0.33 4.6375 4.0496 8.4300 449.95 100.00 GMRT band3
58299.298669 38.952225 inf inf 18.3133 18.7922 19.1220 1409.95 100.00 GMRT band5
58347.125753 38.775659 0.000297 0.41 8.9347 9.1281 10.4750 929.95 200.00 GMRT band3+5
58347.125753 38.776845 0.000954 0.36 7.3728 6.4789 10.4750 449.95 100.00 GMRT band3
58347.125753 38.972050 inf inf 20.3924 20.5737 22.6705 1409.95 100.00 GMRT band5
58363.101447 38.776544 0.000267 0.35 10.9171 12.9868 8.7900 929.95 200.00 GMRT band3+5
58363.101447 38.776284 0.000925 0.38 9.7428 12.6349 8.3380 449.95 100.00 GMRT band3
58363.101447 38.691027 inf inf 9.0473 9.4035 13.2425 1409.95 100.00 GMRT band5
58378.061111 38.777363 0.000222 0.18 8.1770 8.0305 7.5020 929.95 200.00 GMRT band3+5
58378.061111 38.777948 0.000218 0.02 1.3333 1.3898 6.3780 449.95 100.00 GMRT band3
58378.061111 38.946406 inf inf 17.7067 17.7093 16.9380 1409.95 100.00 GMRT band5
58448.898380 38.779165 0.001261 1.65 32.9787 32.7645 21.9225 929.95 200.00 GMRT band3+5
58448.898380 38.783577 0.001865 0.86 17.8430 17.7173 21.7280 449.95 100.00 GMRT band3
58448.898380 39.551419 inf inf 81.0822 80.8959 34.3525 1409.95 100.00 GMRT band5
58462.854919 38.777091 0.000337 0.69 8.6800 8.9982 9.1960 929.95 200.00 GMRT band3+5
58462.854919 38.778442 0.000683 0.56 6.3569 6.7682 8.5460 449.95 100.00 GMRT band3
58462.854919 38.743132 inf inf 3.5883 3.5573 13.1030 1409.95 100.00 GMRT band5
58476.834607 38.778081 0.000503 0.62 16.5249 14.5336 9.1385 929.95 200.00 GMRT band3+5
58476.834607 38.779741 0.000623 0.35 9.3491 7.8682 8.7090 449.95 100.00 GMRT band3
58476.834607 38.776505 inf inf 0.0925 0.1652 23.1410 1409.95 100.00 GMRT band5
58504.717882 38.777307 0.000512 0.63 21.2827 21.0105 10.3630 929.95 200.00 GMRT band3+5
58504.717882 38.777231 0.001356 0.77 7.1496 6.9574 9.3655 449.95 100.00 GMRT band3
58504.717882 38.859030 inf inf 8.5507 9.0037 19.7685 1409.95 100.00 GMRT band5
58517.726505 38.778653 0.000332 0.36 9.3108 8.7291 8.6210 929.95 200.00 GMRT band3+5
58517.726505 38.779099 0.000557 0.34 6.2749 5.4592 8.1540 449.95 100.00 GMRT band3
58517.726505 38.587944 inf inf 19.8408 19.9732 24.3565 1409.95 100.00 GMRT band5
58560.551910 38.775484 0.000705 1.44 11.1515 12.6463 9.0120 929.95 200.00 GMRT band3+5
58560.551910 38.777615 0.001020 1.00 7.9576 10.4963 7.7360 449.95 100.00 GMRT band3
58560.551910 38.997955 inf inf 23.0989 23.2984 19.7935 1409.95 100.00 GMRT band5
58423.969444 38.780495 0.007080 97.71 938.6181 1167.8089 98.4600 879.66 400.00 GMRT band3+5
58423.969444 38.819103 0.018593 86.40 916.0449 1147.8676 160.4215 399.22 200.00 GMRT band3
58423.969444 38.747717 0.000110 0.00 6.4244 7.0867 9.6660 1360.10 200.00 GMRT band5
58435.881771 38.722012 0.010623 352.46 729.6732 1073.4144 47.9745 879.56 400.00 GMRT band3+5
58435.881771 38.816270 0.013929 81.37 702.3545 1056.0321 63.7580 399.22 200.00 GMRT band3
58435.881771 38.802933 0.005924 0.02 4.7980 13.4171 7.3880 1359.90 200.00 GMRT band5
59343.439410 38.777470 0.000107 1.87 5.8683 6.5806 3.8300 879.67 400.00 GMRT band3+5
59343.439410 38.777485 0.000123 2.17 5.6229 5.7676 2.3550 399.23 200.00 GMRT band3
59343.439410 38.784525 inf inf 1.7645 8.3249 8.2990 1360.11 200.00 GMRT band5
59355.397975 38.777697 0.000288 3.90 12.4242 865.1883 5.4890 879.67 400.00 GMRT band3+5
59355.397975 38.778042 0.000448 4.90 13.0746 12.3752 5.0750 399.23 200.00 GMRT band3
59355.397975 38.763393 0.019986 0.61 6.8079 6.6703 9.6645 1360.11 200.00 GMRT band5
59364.408912 38.840357 0.022911 0.06 4.8059 22.8649 43.8135 1360.11 200.00 GMRT band5
59376.265741 38.777373 0.000091 1.05 19.9387 23.9934 1.5550 879.67 400.00 GMRT band3+5
59376.265741 38.777324 0.000131 1.26 2.0593 2.0524 1.4165 399.23 200.00 GMRT band3
59376.265741 38.762303 0.001372 0.01 4.2150 4.2010 5.6720 1360.11 200.00 GMRT band5
59385.312905 38.777109 0.000094 0.73 10.8462 11.6575 4.4080 879.67 400.00 GMRT band3+5
59385.312905 38.777048 0.000069 0.28 4.7148 2.4161 3.4755 399.23 200.00 GMRT band3
59385.312905 38.729208 0.005978 0.08 12.7216 12.4893 8.4690 1360.11 200.00 GMRT band5
59397.276215 38.777372 0.000134 3.61 1033.8525 856.3239 3.0485 879.67 400.00 GMRT band3+5
59397.276215 38.777368 0.000201 5.06 4.2859 4.2277 2.3715 399.23 200.00 GMRT band3
59397.276215 38.764958 0.019088 1.18 6.1827 6.2237 5.7715 1360.11 200.00 GMRT band5
59406.237037 38.777647 0.000149 2.68 561.1861 555.0292 4.2160 879.67 400.00 GMRT band3+5
59406.237037 38.777664 0.000179 3.46 9.2890 9.7572 4.0900 399.23 200.00 GMRT band3
59406.237037 38.750747 0.006950 0.05 7.6199 8.0100 11.4010 1360.11 200.00 GMRT band5
59418.340220 38.777459 0.000099 2.03 13.5581 914.2006 2.6425 879.67 400.00 GMRT band3+5
59418.340220 38.777618 0.000121 1.63 3.6050 7.6357 2.4705 399.23 200.00 GMRT band3
59418.340220 38.756319 0.016786 1.82 7.8618 7.3892 4.3875 1360.11 200.00 GMRT band5
59427.148785 38.777593 0.000087 0.53 2.2055 3.6436 2.1300 879.66 400.00 GMRT band3+5
59427.148785 38.777473 0.000138 0.58 0.7262 1.0818 1.2360 399.22 200.00 GMRT band3
59427.148785 38.786637 0.005534 0.11 2.1260 2.4217 5.6010 1360.10 200.00 GMRT band5
59456.156597 38.777490 0.000081 2.43 1165.3270 3.4591 1.3190 879.66 400.00 GMRT band3+5
59456.156597 38.777480 0.000097 3.09 2.6471 2.5987 1.1820 399.22 200.00 GMRT band3
59456.156597 38.791540 0.003692 0.02 2.6548 3.5069 6.3915 1360.10 200.00 GMRT band5
59475.017188 38.777371 0.000058 1.68 10.7450 2.1906 1.4210 879.66 400.00 GMRT band3+5
59475.017188 38.777364 0.000075 2.13 1.9556 1.2749 1.1130 399.22 200.00 GMRT band3
59475.017188 38.776092 0.013847 1.05 3.6759 3.3008 4.7720 1360.10 200.00 GMRT band5
59483.939757 38.777307 0.000089 3.94 110.5084 123.6602 1.4690 879.66 400.00 GMRT band3+5
59483.939757 38.777269 0.000095 4.08 3.4518 3.4609 1.3150 399.22 200.00 GMRT band3
59483.939757 38.780848 inf inf 0.8556 0.5539 4.5580 1360.10 200.00 GMRT band5
59492.091319 38.777219 0.000135 1.76 5.0553 9.3351 5.0000 879.66 400.00 GMRT band3+5
59492.091319 38.777103 0.000207 1.72 1.8777 7.3833 2.8570 399.22 200.00 GMRT band3
59492.091319 38.789802 0.025007 2.89 8.1913 2.5593 5.7080 1360.10 200.00 GMRT band5
