58251.460590 30.294479 0.044959 0.12 12.6818 11.5922 15.6120 1409.95 100.00 GMRT band5
58299.362905 30.241701 0.000620 0.70 20.4203 172.5383 25.9090 929.95 200.00 GMRT band3+5
58299.362905 30.237672 0.007720 1.22 21.5054 17.0483 28.1900 449.95 100.00 GMRT band3
58299.362905 30.202546 0.082029 0.41 16.2317 16.4044 21.3860 1409.95 100.00 GMRT band5
58333.227199 30.241538 0.000761 0.86 61.6797 68.1456 31.0455 929.95 200.00 GMRT band3+5
58333.227199 30.243714 0.007565 1.23 60.6806 60.5732 34.3390 449.95 100.00 GMRT band3
58333.227199 30.195313 inf inf 4.8464 4.9732 15.8805 1409.95 100.00 GMRT band5
58347.166262 30.241990 0.000460 0.30 16.3170 13.7683 23.4790 929.95 200.00 GMRT band3+5
58347.166262 30.245169 0.002255 0.20 16.1732 14.4944 23.4790 449.95 100.00 GMRT band3
58347.166262 30.399618 inf inf 16.2467 16.0805 22.6025 1409.95 100.00 GMRT band5
58363.157002 30.242539 0.001324 1.33 81.0695 74.8345 43.8830 929.95 200.00 GMRT band3+5
58363.157002 30.235496 0.017721 1.76 81.6973 69.8091 84.3610 449.95 100.00 GMRT band3
58363.157002 30.109018 0.090249 0.79 18.6062 18.3773 14.1525 1409.95 100.00 GMRT band5
58378.116724 30.240206 0.001577 1.74 48.7680 49.1473 32.2080 929.95 200.00 GMRT band3+5
58378.116724 30.241867 0.007840 2.39 46.7379 46.3164 32.2080 449.95 100.00 GMRT band3
58378.116724 30.338975 inf inf 10.6109 10.6273 32.3950 1409.95 100.00 GMRT band5
58448.923437 30.230801 0.003448 0.72 196.4251 194.3327 144.8570 929.95 200.00 GMRT band3+5
58448.923437 30.271678 0.048505 0.91 181.3972 179.4085 478.8445 449.95 100.00 GMRT band3
58448.923437 30.175650 inf inf 3.3879 2.4430 22.0070 1409.95 100.00 GMRT band5
58462.880093 30.241841 0.000384 0.27 14.9329 14.6888 26.9555 929.95 200.00 GMRT band3+5
58462.880093 30.240371 0.002623 0.38 16.9165 16.9940 21.4410 449.95 100.00 GMRT band3
58462.880093 30.235700 0.069562 0.19 13.4085 13.7716 34.6415 1409.95 100.00 GMRT band5
58476.857118 30.243394 0.002025 2.06 290.4693 131.2391 66.4460 929.95 200.00 GMRT band3+5
58476.857118 30.213891 0.020053 2.43 279.7543 95.4720 93.3300 449.95 100.00 GMRT band3
58476.857118 30.154755 0.098205 0.39 15.5065 15.6762 26.8310 1409.95 100.00 GMRT band5
58490.784144 30.235065 0.007638 5.23 1197.5510 1075.6752 410.3280 929.95 200.00 GMRT band3+5
58490.784144 30.215277 0.115030 7.79 1158.3685 1043.1759 560.5385 449.95 100.00 GMRT band3
58490.784144 30.197944 0.021022 0.02 3.7191 3.2908 21.8220 1409.95 100.00 GMRT band5
58504.744386 30.241105 0.000628 0.30 27.0850 32.1937 47.6280 929.95 200.00 GMRT band3+5
58504.744386 30.237060 0.005987 0.36 32.1120 34.4931 47.8320 449.95 100.00 GMRT band3
58504.744386 30.273970 0.141610 0.37 15.7151 13.0566 35.7810 1409.95 100.00 GMRT band5
58517.748669 30.241400 0.001137 0.44 48.4709 114.5589 42.4570 929.95 200.00 GMRT band3+5
58517.748669 30.244330 0.002206 0.10 19.9696 18.1547 38.7160 449.95 100.00 GMRT band3
58517.748669 31.569107 inf inf 69.5521 152.3199 77.6360 1409.95 100.00 GMRT band5
58560.578761 30.242473 0.000860 0.46 31.2053 37.1494 45.2420 929.95 200.00 GMRT band3+5
58560.578761 30.241237 0.006128 0.36 32.0817 38.4279 47.3040 449.95 100.00 GMRT band3
58560.578761 30.348634 0.243900 1.02 27.7319 27.5657 34.9415 1409.95 100.00 GMRT band5
58424.053819 30.239194 0.010830 8.11 744.4644 1136.1866 218.2515 879.66 400.00 GMRT band3+5
58424.053819 30.315286 0.015014 1.07 722.7944 1133.4427 247.3460 399.22 200.00 GMRT band3
58424.053819 30.267011 inf inf 6.2338 6.5094 9.8350 1360.10 200.00 GMRT band5
58435.966377 30.170874 0.018526 223.24 623.0751 874.8442 146.5155 879.56 400.00 GMRT band3+5
58435.966377 30.377548 0.064772 107.43 529.4911 848.3761 168.0325 399.22 200.00 GMRT band3
58435.966377 30.243648 inf inf 0.7694 17.0287 11.5805 1359.90 200.00 GMRT band5
59355.438137 30.241298 0.000820 4.93 595.1823 78.5768 15.5680 879.67 400.00 GMRT band3+5
59355.438137 30.246896 0.002296 2.83 61.1970 59.6913 27.5695 399.23 200.00 GMRT band3
59355.438137 30.255383 inf inf 3.5128 3.2937 10.3560 1360.11 200.00 GMRT band5
59376.303414 30.241503 0.000711 4.51 17.5029 19.2040 6.2190 879.67 400.00 GMRT band3+5
59376.303414 30.243003 0.000646 1.72 12.6953 8.8679 4.0800 399.23 200.00 GMRT band3
59376.303414 30.264132 inf inf 5.5586 5.2914 13.5800 1360.11 200.00 GMRT band5
59385.268923 30.240672 0.000772 8.02 41.3547 42.2376 8.1190 879.67 400.00 GMRT band3+5
59385.268923 30.239537 0.001296 8.80 36.6510 39.3912 6.4440 399.23 200.00 GMRT band3
59385.268923 30.264511 inf inf 5.6474 5.5732 9.1700 1360.11 200.00 GMRT band5
59397.311401 30.240906 0.000162 0.88 20.2372 18.6709 4.5235 879.67 400.00 GMRT band3+5
59397.311401 30.241132 0.000108 0.25 9.0982 3.5501 3.9575 399.23 200.00 GMRT band3
59397.311401 30.229386 inf inf 2.5662 2.6938 11.4915 1360.11 200.00 GMRT band5
59406.271354 30.239920 0.000984 64.44 44.2017 40.6741 5.1270 879.67 400.00 GMRT band3+5
59406.271354 30.239617 0.001403 87.73 32.2127 34.8248 4.4970 399.23 200.00 GMRT band3
59406.271354 30.251058 inf inf 2.5018 2.6048 9.3860 1360.11 200.00 GMRT band5
59418.378183 30.241179 0.000557 1.72 26.4055 25.3411 19.4740 879.67 400.00 GMRT band3+5
59418.378183 30.240668 0.002015 2.78 14.3236 11.2927 24.8050 399.23 200.00 GMRT band3
59418.378183 30.251792 inf inf 2.6736 2.4819 12.5380 1360.11 200.00 GMRT band5
59427.182581 30.241827 0.000597 11.64 14.7480 10.7022 3.6150 879.66 400.00 GMRT band3+5
59427.182581 30.242001 0.000868 15.93 15.1997 10.8698 3.4170 399.22 200.00 GMRT band3
59427.182581 30.251228 inf inf 2.5417 2.1988 9.9000 1360.10 200.00 GMRT band5
59435.169502 30.241980 0.000220 1.32 13.5158 1.8312 4.8840 399.22 200.00 GMRT band3
59446.165509 30.240891 0.000738 12.61 41.1128 50.1935 3.4265 879.66 400.00 GMRT band3+5
59446.165509 30.241031 0.001045 17.30 30.6128 6.5622 3.1855 399.22 200.00 GMRT band3
59446.165509 30.286950 inf inf 10.8968 10.7714 12.4320 1360.10 200.00 GMRT band5
59456.074248 30.240118 0.000414 7.22 10.7147 12.7013 4.5585 879.66 400.00 GMRT band3+5
59456.074248 30.239804 0.000558 8.50 11.4871 3.5344 3.6935 399.22 200.00 GMRT band3
59456.074248 30.292870 inf inf 12.2817 12.3381 9.2220 1360.10 200.00 GMRT band5
59475.051099 30.240111 0.000358 6.96 11.6233 11.5364 4.4000 879.66 400.00 GMRT band3+5
59475.051099 30.240333 0.000465 7.95 12.2268 11.9462 3.8810 399.22 200.00 GMRT band3
59475.051099 30.301569 inf inf 14.3170 14.3756 7.7965 1360.10 200.00 GMRT band5
59483.973206 30.240119 0.000448 12.46 15.6120 16.9846 3.2310 879.66 400.00 GMRT band3+5
59483.973206 30.240318 0.000552 15.29 10.9875 12.1425 3.2250 399.22 200.00 GMRT band3
59483.973206 30.263302 inf inf 5.3663 4.9781 9.8965 1360.10 200.00 GMRT band5
59492.125926 30.239766 0.000562 3.28 56.7165 51.3538 8.6290 879.66 400.00 GMRT band3+5
59492.125926 30.238676 0.000677 2.09 8.8009 14.4418 7.8170 399.22 200.00 GMRT band3
59492.125926 30.274202 inf inf 7.9158 8.0524 12.0950 1360.10 200.00 GMRT band5
