58251.376447 2.645303 0.000046 1.34 8.5629 5.1714 1.7040 929.95 200.00 GMRT band3+5
58251.376447 2.645866 0.000344 1.46 7.3108 4.0862 2.7840 449.95 100.00 GMRT band3
58251.376447 2.652390 0.004165 0.80 0.8669 0.8773 0.8050 1409.95 100.00 GMRT band5
58266.301562 2.643278 0.000471 1.08 4.2744 56.2806 3.7215 449.95 100.00 GMRT band3
58266.301562 -8.081052 4.475000 5953.27 1686.1557 1654.2310 19.4395 1409.95 100.00 GMRT band5
58284.301505 2.645186 0.000049 1.48 6.1276 3.9018 1.8020 929.95 200.00 GMRT band3+5
58284.301505 2.645380 0.000393 1.97 5.2024 3.8447 2.9245 449.95 100.00 GMRT band3
58284.301505 2.649331 0.004856 1.11 1.2327 1.1565 0.7610 1409.95 100.00 GMRT band5
58299.266262 2.645168 0.000065 2.03 9.6810 5.7160 2.6830 929.95 200.00 GMRT band3+5
58299.266262 2.646743 0.000389 1.29 9.0401 5.6657 3.1460 449.95 100.00 GMRT band3
58299.266262 2.648060 0.006586 1.17 2.2589 1.2676 0.9240 1409.95 100.00 GMRT band5
58315.224595 2.645215 0.000072 0.96 11.5914 9.2262 2.3650 929.95 200.00 GMRT band3+5
58315.224595 2.647576 0.000615 0.57 9.7258 7.4206 4.3100 449.95 100.00 GMRT band3
58315.224595 2.650588 0.003626 0.50 0.8589 0.8270 0.8700 1409.95 100.00 GMRT band5
58333.146238 2.645344 0.000058 1.83 9.5986 7.0866 2.3170 929.95 200.00 GMRT band3+5
58333.146238 2.644699 0.000471 2.54 6.4502 5.9418 3.2000 449.95 100.00 GMRT band3
58333.146238 2.653430 0.003108 0.48 0.9875 0.8836 0.6980 1409.95 100.00 GMRT band5
58347.102662 2.645232 0.000044 0.95 11.3059 14.6198 2.4370 929.95 200.00 GMRT band3+5
58347.102662 2.645448 0.000403 1.76 6.1644 4.5322 2.7770 449.95 100.00 GMRT band3
58347.102662 2.660666 0.003787 0.13 1.6768 1.6033 1.5745 1409.95 100.00 GMRT band5
58363.079283 2.645299 0.000051 1.80 4.3109 5.4088 2.0025 929.95 200.00 GMRT band3+5
58363.079283 2.643836 0.000401 1.44 3.7834 4.4732 2.8655 449.95 100.00 GMRT band3
58363.079283 2.645026 0.003601 0.62 0.9490 0.9320 0.7575 1409.95 100.00 GMRT band5
58378.038947 2.645094 0.000053 1.32 10.1451 7.9881 2.3650 929.95 200.00 GMRT band3+5
58378.038947 2.645128 0.000505 1.79 6.7149 6.0188 2.9300 449.95 100.00 GMRT band3
58378.038947 2.634720 0.003453 0.55 0.7016 0.7504 0.8340 1409.95 100.00 GMRT band5
58423.948090 2.645219 0.000036 4.28 19.2743 7.3337 0.7270 879.66 400.00 GMRT band3+5
58423.948090 2.645010 0.000141 4.46 13.4734 2.4787 1.3510 399.22 200.00 GMRT band3
58423.948090 2.640932 0.001960 2.75 1.3221 0.9910 0.5240 1360.10 200.00 GMRT band5
58435.860590 2.645039 0.000244 3.94 12.3740 614.2496 2.7665 399.22 200.00 GMRT band3
58435.860590 2.640953 0.000985 0.73 0.9659 14.0258 0.5090 1359.90 200.00 GMRT band5
58448.874422 2.644834 0.000090 3.89 11.2106 10.0521 2.2520 929.95 200.00 GMRT band3+5
58448.874422 2.644937 0.000827 4.59 8.3588 8.4733 3.1050 449.95 100.00 GMRT band3
58448.874422 2.668462 0.003723 0.69 1.7758 1.7678 0.7820 1409.95 100.00 GMRT band5
58462.828993 2.644988 0.000043 2.47 9.8267 7.8947 1.3430 929.95 200.00 GMRT band3+5
58462.828993 2.645133 0.000391 4.03 4.4609 5.7458 1.7935 449.95 100.00 GMRT band3
58462.828993 2.636069 0.003519 0.71 0.8464 0.8656 0.7100 1409.95 100.00 GMRT band5
58476.811342 2.644995 0.000068 3.15 3.9366 3.8270 1.9760 929.95 200.00 GMRT band3+5
58476.811342 2.645000 0.000279 1.26 3.6177 3.1446 2.2130 449.95 100.00 GMRT band3
58476.811342 2.665561 0.012546 4.23 4.3903 4.2798 1.1050 1409.95 100.00 GMRT band5
58490.738021 2.644966 0.000903 1.34 116.7318 61.7905 1.6070 929.95 200.00 GMRT band3+5
58490.738021 2.649127 0.003297 0.53 36.7943 41.9815 48.3620 449.95 100.00 GMRT band3
58490.738021 2.663094 0.004319 0.74 1.5075 1.5766 0.8820 1409.95 100.00 GMRT band5
58504.696354 2.644847 0.000066 0.85 6.4771 6.1735 4.3550 929.95 200.00 GMRT band3+5
58504.696354 2.643902 0.000219 0.15 1.8829 2.9493 4.9115 449.95 100.00 GMRT band3
58504.696354 2.637614 0.004524 1.17 0.7932 0.4748 0.7235 1409.95 100.00 GMRT band5
58517.704688 2.644899 0.000067 3.84 8.0316 8.9827 1.7610 929.95 200.00 GMRT band3+5
58517.704688 2.644203 0.000512 5.57 6.5548 6.9659 2.5765 449.95 100.00 GMRT band3
58517.704688 2.629175 0.005094 0.76 1.2263 1.2547 0.9715 1409.95 100.00 GMRT band5
58560.529341 2.645063 0.000072 1.60 9.5585 7.4906 1.8930 929.95 200.00 GMRT band3+5
58560.529341 2.645821 0.000443 1.10 4.9610 3.1124 3.7515 449.95 100.00 GMRT band3
58560.529341 2.653511 0.005414 1.64 1.1920 1.1347 0.6880 1409.95 100.00 GMRT band5
