58259.837789 52.333162 0.000238 0.17 11.4965 11.6794 12.9270 929.95 200.00 GMRT band3+5
58259.837789 52.334741 0.000427 0.02 6.0713 7.1737 14.7460 449.95 100.00 GMRT band3
58259.837789 52.284120 inf inf 5.1670 5.1370 9.9175 1409.95 100.00 GMRT band5
58276.690220 52.331901 0.000887 2.12 16.0434 15.4264 12.9740 929.95 200.00 GMRT band3+5
58276.690220 52.331066 0.001891 0.08 7.1167 3.8369 21.0480 449.95 100.00 GMRT band3
58276.690220 52.601872 inf inf 28.1146 28.2769 10.7390 1409.95 100.00 GMRT band5
58307.591435 52.334104 0.003851 1.27 1196.2052 963.6279 709.3850 929.95 200.00 GMRT band3+5
58307.591435 52.379169 inf inf 4.7883 4.2752 7.7050 1409.95 100.00 GMRT band5
58322.519734 52.333029 0.002014 6.95 57.4666 58.1590 18.4155 929.95 200.00 GMRT band3+5
58322.519734 52.347150 0.006190 3.60 41.0496 41.2477 18.4155 449.95 100.00 GMRT band3
58322.519734 52.483096 inf inf 15.6722 15.7162 16.9195 1409.95 100.00 GMRT band5
58355.433160 52.334166 0.000582 0.43 13.6656 14.8721 15.8265 929.95 200.00 GMRT band3+5
58355.433160 52.329523 inf inf 13.8480 16.3791 22.2840 449.95 100.00 GMRT band3
58355.433160 52.276747 inf inf 5.9380 6.0131 10.2225 1409.95 100.00 GMRT band5
58371.406192 52.330759 0.001428 0.63 91.2589 106.8785 137.5845 929.95 200.00 GMRT band3+5
58371.406192 52.352794 0.005705 0.05 83.1469 100.2998 286.4415 449.95 100.00 GMRT band3
58371.406192 52.580659 inf inf 25.8889 26.1707 19.3470 1409.95 100.00 GMRT band5
58389.300289 52.332282 0.000542 0.40 26.6412 31.4057 14.9870 929.95 200.00 GMRT band3+5
58389.300289 52.331596 0.005678 0.76 26.1598 20.2905 28.8190 449.95 100.00 GMRT band3
58389.300289 52.361054 inf inf 2.8910 3.0132 13.5580 1409.95 100.00 GMRT band5
58431.288194 52.298349 0.010713 15.55 137.9517 374.3600 78.1290 879.66 400.00 GMRT band3+5
58431.288194 52.346435 0.000811 0.01 101.5023 341.8415 367.0550 399.22 200.00 GMRT band3
58431.288194 52.327969 inf inf 1.2815 6.4823 7.7865 1360.10 200.00 GMRT band5
58440.253588 52.334777 0.000497 0.43 6.6971 7.8403 16.4210 929.95 200.00 GMRT band3+5
58440.253588 52.434677 inf inf 10.6027 10.4631 13.8545 1409.95 100.00 GMRT band5
58453.168113 52.339270 0.020584 81.28 1135.6956 1075.1849 76.7700 929.95 200.00 GMRT band3+5
58453.168113 52.326397 inf inf 0.7386 1.3489 14.5940 1409.95 100.00 GMRT band5
58481.115856 52.331013 0.000944 0.09 83.6904 73.6527 58.3060 929.95 200.00 GMRT band3+5
58481.115856 52.322078 0.001742 0.00 78.3072 71.9757 314.6300 449.95 100.00 GMRT band3
58481.115856 52.249400 inf inf 8.8046 8.5494 17.3670 1409.95 100.00 GMRT band5
58510.077199 52.321803 0.008630 18.38 293.6356 411.7887 34.0025 929.95 200.00 GMRT band3+5
58510.077199 52.174010 inf inf 16.7032 15.4832 15.7105 1409.95 100.00 GMRT band5
58524.060590 52.332591 0.000712 0.86 21.9412 20.7888 15.4180 929.95 200.00 GMRT band3+5
58524.060590 52.342780 0.000500 0.01 17.6882 19.7020 26.2330 449.95 100.00 GMRT band3
58524.060590 52.342723 inf inf 0.9716 1.0614 11.4225 1409.95 100.00 GMRT band5
58551.939179 52.333737 0.000866 1.09 17.3230 17.6849 15.0950 929.95 200.00 GMRT band3+5
58551.939179 52.329631 0.000113 0.00 13.8561 15.3248 11.5020 449.95 100.00 GMRT band3
58551.939179 52.452489 inf inf 12.4712 12.4436 21.5195 1409.95 100.00 GMRT band5
58566.840336 52.332787 0.000587 0.81 22.6425 23.1504 14.3550 929.95 200.00 GMRT band3+5
58566.840336 52.333650 0.000318 0.01 1.0804 2.0810 12.6120 449.95 100.00 GMRT band3
58566.840336 52.640514 inf inf 32.1688 32.6825 20.1415 1409.95 100.00 GMRT band5
59348.836748 52.333379 0.000171 2.13 22.8530 22.7678 3.1370 879.67 400.00 GMRT band3+5
59348.836748 52.333666 0.000182 1.50 3.9056 4.1610 3.1290 399.23 200.00 GMRT band3
59348.836748 52.339729 inf inf 1.4686 1.4849 5.6325 1360.11 200.00 GMRT band5
59359.838542 52.333162 0.000315 3.85 32.6145 28.0890 4.5450 879.67 400.00 GMRT band3+5
59359.838542 52.333347 0.000494 4.43 13.1865 11.7266 4.2570 399.23 200.00 GMRT band3
59359.838542 52.323993 inf inf 2.2114 2.1441 6.1905 1360.11 200.00 GMRT band5
59370.668634 52.333010 0.000164 0.65 9.1370 28.6238 5.9130 879.67 400.00 GMRT band3+5
59370.668634 52.332990 0.000386 0.79 8.1576 11.6594 5.9130 399.23 200.00 GMRT band3
59370.668634 52.337745 inf inf 1.0045 1.1074 6.6395 1360.11 200.00 GMRT band5
59380.677373 52.332816 0.000329 1.54 40.6048 43.4458 7.8110 879.67 400.00 GMRT band3+5
59380.677373 52.332200 0.001006 1.79 19.4581 33.5657 8.5360 399.23 200.00 GMRT band3
59380.677373 52.322205 inf inf 2.6293 2.4811 7.1520 1360.11 200.00 GMRT band5
59391.574537 52.331074 0.000546 18.27 52.7560 25.6124 5.2200 879.67 400.00 GMRT band3+5
59391.574537 52.330080 0.000609 13.34 25.4427 14.7615 4.3180 399.23 200.00 GMRT band3
59391.574537 52.345137 inf inf 2.7332 3.2886 6.1535 1360.11 200.00 GMRT band5
59413.546585 52.333208 0.000310 0.85 11.4241 21.2115 16.5140 879.67 400.00 GMRT band3+5
59413.546585 52.335567 0.000560 0.27 10.6438 20.9365 17.0855 399.23 200.00 GMRT band3
59413.546585 52.366708 inf inf 7.7767 7.8331 7.7695 1360.11 200.00 GMRT band5
59449.437673 52.332873 0.000200 1.86 15.4998 10.1782 4.6975 879.66 400.00 GMRT band3+5
59449.437673 52.332675 0.000293 2.01 12.5485 7.2678 4.3035 399.22 200.00 GMRT band3
59449.437673 52.324047 inf inf 2.1984 2.0610 6.1990 1360.10 200.00 GMRT band5
59460.444386 52.333176 0.000252 3.64 47.9366 58.6919 4.8385 879.66 400.00 GMRT band3+5
59460.444386 52.333416 0.000353 3.91 6.4476 7.4761 4.1395 399.22 200.00 GMRT band3
59460.444386 52.332939 inf inf 0.1192 0.0554 5.8585 1360.10 200.00 GMRT band5
59469.361632 52.332671 0.000170 0.66 31.7383 45.9927 7.0820 879.66 400.00 GMRT band3+5
59469.361632 52.332614 0.000287 0.80 9.4602 18.8011 7.0820 399.22 200.00 GMRT band3
59469.361632 52.339418 inf inf 1.3958 2.0222 8.8995 1360.10 200.00 GMRT band5
59489.383854 52.333494 0.000265 4.22 18.4373 20.4241 4.3220 879.66 400.00 GMRT band3+5
59489.383854 52.333556 0.000371 4.86 15.8152 16.3986 3.9500 399.22 200.00 GMRT band3
59489.383854 52.349937 inf inf 3.8553 3.8470 6.3640 1360.10 200.00 GMRT band5
59496.341261 52.333237 0.000755 2.13 15.0194 15.4837 6.2410 399.22 200.00 GMRT band3
