58260.130035 8.997277 0.000425 0.61 26.7802 25.2450 8.4915 929.95 200.00 GMRT band3+5
58260.130035 8.996819 0.000567 0.62 9.3342 8.9775 5.7010 449.95 100.00 GMRT band3
58260.130035 9.275476 0.091640 0.07 27.1643 27.1660 30.4180 1409.95 100.00 GMRT band5
58276.956540 8.996856 0.000516 3.04 6.7445 6.5712 3.7850 929.95 200.00 GMRT band3+5
58276.956540 8.997017 0.000668 3.46 5.9113 4.8022 3.3010 449.95 100.00 GMRT band3
58276.956540 9.102554 inf inf 10.7090 10.7839 16.6690 1409.95 100.00 GMRT band5
58291.884722 8.331649 0.009654 0.00 48.9484 1.3206 53.7330 1409.95 100.00 GMRT band5
58307.863716 8.995368 0.000555 0.56 23.5734 23.8910 31.0105 929.95 200.00 GMRT band3+5
58307.863716 8.950837 0.069585 0.13 7.7873 7.8996 26.3590 1409.95 100.00 GMRT band5
58322.785128 8.996384 0.000215 1.80 24.5707 25.1592 10.4460 929.95 200.00 GMRT band3+5
58322.785128 8.996157 0.001612 2.21 24.1543 24.7735 11.2800 449.95 100.00 GMRT band3
58322.785128 9.001984 0.013627 0.33 1.0000 1.0141 2.4110 1409.95 100.00 GMRT band5
58340.756598 8.997087 0.000400 0.70 13.0483 12.3210 7.2240 929.95 200.00 GMRT band3+5
58340.756598 8.996992 0.000519 0.85 7.5728 5.9688 3.2590 449.95 100.00 GMRT band3
58340.756598 8.806503 0.061402 0.04 14.6818 14.6950 32.5640 1409.95 100.00 GMRT band5
58355.701563 8.996300 0.000183 2.05 6.3196 4.5849 3.5230 929.95 200.00 GMRT band3+5
58355.701563 8.996443 0.000554 2.56 6.9013 5.2281 2.9210 449.95 100.00 GMRT band3
58355.701563 8.970248 0.008087 0.03 2.2201 2.1160 5.0780 1409.95 100.00 GMRT band5
58371.720660 8.996303 0.000481 1.32 30.0017 29.9833 19.5580 929.95 200.00 GMRT band3+5
58371.720660 8.994998 0.003841 1.54 28.5968 28.8178 20.7860 449.95 100.00 GMRT band3
58371.720660 9.020340 inf inf 2.4474 2.5858 8.6020 1409.95 100.00 GMRT band5
58389.590625 8.994911 0.000737 2.86 9.1657 5.8708 3.7290 449.95 100.00 GMRT band3
58413.652315 8.997112 0.000210 1.07 6.6972 5.4841 8.2025 879.66 400.00 GMRT band3+5
58413.652315 8.997053 0.000301 1.25 6.1430 5.8068 7.8950 399.22 200.00 GMRT band3
58413.652315 9.032168 inf inf 4.5144 2.9944 16.3970 1360.10 200.00 GMRT band5
58431.594156 8.996779 0.000301 0.73 39.3168 822.4642 36.7905 879.66 400.00 GMRT band3+5
58431.594156 8.998019 0.000888 0.55 20.7408 70.5358 49.8220 399.22 200.00 GMRT band3
58431.594156 9.019879 0.010912 0.47 6.9590 7.2520 5.1180 1360.10 200.00 GMRT band5
58453.462095 8.996354 0.000171 0.82 23.2040 26.0292 16.9340 929.95 200.00 GMRT band3+5
58453.462095 8.997134 0.001162 0.83 16.1426 15.5720 18.5080 449.95 100.00 GMRT band3
58453.462095 9.049783 inf inf 5.6139 14.1494 5.8670 1409.95 100.00 GMRT band5
58467.442188 8.995620 0.000423 0.53 90.8076 92.4194 29.7590 929.95 200.00 GMRT band3+5
58467.442188 8.995924 0.002277 0.57 14.4039 12.1236 40.9690 449.95 100.00 GMRT band3
58467.442188 9.091057 inf inf 10.0535 10.2654 12.8830 1409.95 100.00 GMRT band5
58510.361863 8.999098 0.001051 0.64 4975.8635 4994.0620 20.5520 929.95 200.00 GMRT band3+5
58510.361863 8.999980 0.001365 0.67 21.9170 20.4906 16.9370 449.95 100.00 GMRT band3
58510.361863 9.280602 inf inf 30.4448 30.2824 61.3750 1409.95 100.00 GMRT band5
58524.316146 8.996727 0.000233 0.94 10.2667 10.7411 9.4980 929.95 200.00 GMRT band3+5
58524.316146 8.996854 0.001089 0.73 10.2177 10.8965 9.4980 449.95 100.00 GMRT band3
58524.316146 9.027101 0.102720 2.82 12.2613 12.0670 9.1515 1409.95 100.00 GMRT band5
58538.230497 9.128302 0.135330 1.96 28.4486 17.5384 10.6930 1409.95 100.00 GMRT band5
58567.104283 8.997793 0.000662 3.98 6.8963 11.1058 5.2230 929.95 200.00 GMRT band3+5
58567.104283 8.998684 0.000983 4.08 4.8898 11.0471 4.7170 449.95 100.00 GMRT band3
58567.104283 9.085581 inf inf 9.4674 1.3749 10.0420 1409.95 100.00 GMRT band5
58782.655903 8.996814 0.000086 5.77 16.2819 12.9825 1.2520 879.95 400.00 GMRT band3+5
58782.655903 8.996816 0.000089 6.27 7.6071 4.7830 1.2270 399.80 200.00 GMRT band3
58782.655903 9.084557 inf inf 20.3347 20.5161 24.0655 1360.10 200.00 GMRT band5
58792.533449 8.996576 0.000210 4.23 17.3290 15.6026 4.6370 879.95 400.00 GMRT band3+5
58792.533449 8.996583 0.000221 4.55 12.4745 10.3676 4.5810 399.80 200.00 GMRT band3
58792.533449 8.858374 inf inf 32.5510 32.3140 26.8730 1360.10 200.00 GMRT band5
58804.484607 8.996800 0.000100 5.68 14.8105 6.3381 1.8570 879.95 400.00 GMRT band3+5
58804.484607 8.996787 0.000104 5.97 11.7068 5.2237 1.8175 399.80 200.00 GMRT band3
58804.484607 9.048490 inf inf 11.9015 11.6417 11.0995 1360.10 200.00 GMRT band5
58820.393056 8.996857 0.000091 2.84 7.3359 3.6650 2.0020 399.80 200.00 GMRT band3
58833.305845 8.996845 0.000117 2.68 15.1308 11.0826 4.9930 879.95 400.00 GMRT band3+5
58833.305845 8.996933 0.000175 2.83 12.6996 9.9892 5.0600 399.80 200.00 GMRT band3
58833.305845 8.983760 inf inf 3.2335 2.6149 4.0875 1360.10 200.00 GMRT band5
58844.289989 8.996717 0.000083 4.45 16.5497 8.0341 1.8380 879.95 400.00 GMRT band3+5
58844.289989 8.996698 0.000104 4.83 10.7553 3.5599 1.7910 399.80 200.00 GMRT band3
58844.289989 8.996975 inf inf 0.1436 0.5046 2.4840 1360.10 200.00 GMRT band5
58874.186921 8.996933 0.000207 30.85 2677.1708 2671.2323 1.3435 879.95 400.00 GMRT band3+5
58874.186921 8.996928 0.000132 12.48 8.2903 5.8982 1.3210 399.80 200.00 GMRT band3
58874.186921 19.982175 inf inf 2568.7141 2568.8678 553.1595 1360.10 200.00 GMRT band5
58887.225058 8.997037 0.000101 3.24 6.3563 3.9551 2.0525 399.80 200.00 GMRT band3
58893.166551 8.997348 0.000113 2.56 15.4830 15.5756 3.7760 879.95 400.00 GMRT band3+5
58893.166551 8.997322 0.000119 2.66 6.2351 6.4802 3.5830 399.80 200.00 GMRT band3
58893.166551 9.040018 inf inf 9.9225 9.9790 11.9305 1360.10 200.00 GMRT band5
58896.162559 8.997106 0.000206 1.10 17.5792 16.4440 10.4810 399.80 200.00 GMRT band3
58903.166088 8.997101 0.000083 3.30 16.0839 9.8301 1.6810 879.95 400.00 GMRT band3+5
58903.166088 8.997087 0.000090 3.54 8.2136 5.6687 1.6330 399.80 200.00 GMRT band3
58903.166088 9.009456 inf inf 2.7753 2.8894 8.1385 1360.10 200.00 GMRT band5
58911.113022 8.997004 0.000115 5.14 9.0885 5.2230 2.5500 399.80 200.00 GMRT band3
58914.213773 8.996999 0.000124 3.81 11.2185 4.7581 2.6340 879.95 400.00 GMRT band3+5
58914.213773 8.996972 0.000137 4.12 7.4505 3.8358 2.5200 399.80 200.00 GMRT band3
58914.213773 8.997889 inf inf 0.0701 0.2081 6.5045 1360.10 200.00 GMRT band5
58922.225926 8.996756 0.000231 17.47 1627.4968 1591.5120 2.0720 879.95 400.00 GMRT band3+5
58922.225926 8.996769 0.000141 6.53 11.7034 5.9840 1.9490 399.80 200.00 GMRT band3
58922.225926 2.257710 inf inf 1576.3530 1576.6024 63.6875 1360.10 200.00 GMRT band5
59001.089293 8.996918 0.000218 1.98 30.3951 23.0715 4.6570 879.95 400.00 GMRT band3+5
59001.089293 8.996897 0.000244 2.10 13.5073 9.0445 4.4375 399.80 200.00 GMRT band3
59001.089293 8.932729 inf inf 15.1713 15.0141 12.0395 1360.10 200.00 GMRT band5
59008.910243 8.996629 0.000132 11.79 16.6626 9.1860 1.3560 879.95 400.00 GMRT band3+5
59008.910243 8.996428 0.000161 10.84 12.6358 6.8263 1.3240 399.80 200.00 GMRT band3
59008.910243 8.991663 inf inf 1.3862 1.1615 2.1225 1360.10 200.00 GMRT band5
59016.025057 8.996586 0.000131 2.89 27.0162 20.7119 10.5830 879.95 400.00 GMRT band3+5
59016.025057 8.999320 inf inf 0.4048 1.0838 2.1305 1360.10 200.00 GMRT band5
59022.823321 8.996300 0.000159 3.48 19.3974 11.4127 4.2240 879.95 400.00 GMRT band3+5
59022.823321 8.996124 0.000201 3.47 15.2043 8.6684 4.2240 399.80 200.00 GMRT band3
59022.823321 8.982258 inf inf 3.5861 3.2845 6.1460 1360.10 200.00 GMRT band5
59032.951215 8.996826 0.000081 2.33 14.5471 7.7682 2.6110 879.95 400.00 GMRT band3+5
59032.951215 8.996695 0.000102 2.14 10.7825 6.0136 2.5310 399.80 200.00 GMRT band3
59032.951215 8.991867 inf inf 1.3385 1.1600 3.0735 1360.10 200.00 GMRT band5
59062.710706 8.996872 0.000129 7.27 15.1952 9.6488 1.8610 879.95 400.00 GMRT band3+5
59062.710706 8.996875 0.000135 7.86 9.8263 5.7889 1.7230 399.80 200.00 GMRT band3
59062.710706 8.980824 inf inf 3.9209 3.7530 12.8650 1360.10 200.00 GMRT band5
59075.702719 8.996705 0.000147 7.73 20.2181 20.5746 1.8420 879.95 400.00 GMRT band3+5
59075.702719 8.996695 0.000157 8.30 10.1958 4.9188 1.8070 399.80 200.00 GMRT band3
59075.702719 9.250922 inf inf 59.2460 59.4526 32.5135 1360.10 200.00 GMRT band5
59082.706365 8.996783 0.000143 7.12 12.4593 10.0264 2.4445 879.95 400.00 GMRT band3+5
59082.706365 8.996617 0.000182 7.06 10.5097 5.9695 2.4445 399.80 200.00 GMRT band3
59082.706365 8.986826 inf inf 2.5171 1.8840 3.5845 1360.10 200.00 GMRT band5
59093.703414 8.997004 0.000123 8.58 11.6350 6.4350 1.8570 879.95 400.00 GMRT band3+5
59093.703414 8.997021 0.000148 9.28 9.3888 5.2851 1.7960 399.80 200.00 GMRT band3
59093.703414 9.006000 inf inf 1.9669 1.6591 2.7730 1360.10 200.00 GMRT band5
59100.618344 8.996834 0.000105 7.69 13.0273 14.0582 1.7840 879.95 400.00 GMRT band3+5
59100.618344 8.996814 0.000120 8.25 9.7052 4.5980 1.6570 399.80 200.00 GMRT band3
59100.618344 8.897739 inf inf 23.3498 23.1732 17.0895 1360.10 200.00 GMRT band5
59113.630150 8.997570 0.000154 4.16 14.5711 14.8665 4.8035 879.95 400.00 GMRT band3+5
59113.630150 8.997907 0.000215 3.67 8.2345 8.3113 4.8035 399.80 200.00 GMRT band3
59113.630150 8.960649 inf inf 8.6380 8.6334 4.4185 1360.10 200.00 GMRT band5
59133.525057 8.996841 0.000087 4.52 14.6796 7.4961 1.7730 879.95 400.00 GMRT band3+5
59133.525057 8.996836 0.000098 4.87 9.2950 3.7751 1.6565 399.80 200.00 GMRT band3
59133.525057 9.012196 inf inf 3.4154 3.5903 3.1750 1360.10 200.00 GMRT band5
59156.603472 8.997034 0.000127 1.72 13.0496 7.0619 5.0260 879.85 400.00 GMRT band3+5
59156.603472 8.996779 0.000156 1.45 10.8127 5.7906 5.0260 399.61 200.00 GMRT band3
59156.603472 8.970537 inf inf 6.3254 6.1956 6.2870 1360.10 200.00 GMRT band5
59166.495891 8.996939 0.000083 2.43 12.3167 9.0940 3.3230 879.85 400.00 GMRT band3+5
59166.495891 8.996782 0.000111 2.19 9.6856 7.5270 3.4300 399.61 200.00 GMRT band3
59166.495891 8.987671 inf inf 2.3192 2.1670 2.1235 1360.10 200.00 GMRT band5
59187.505671 8.996974 0.000113 11.16 17.2179 13.0820 1.4985 879.85 400.00 GMRT band3+5
59187.505671 8.996982 0.000121 12.11 8.8164 4.7690 1.4040 399.61 200.00 GMRT band3
59187.505671 9.008552 inf inf 2.5632 2.7070 5.9570 1360.10 200.00 GMRT band5
59196.535706 8.996993 0.000082 6.03 10.7907 5.7093 1.8740 879.85 400.00 GMRT band3+5
59196.535706 8.996923 0.000102 6.19 8.9035 4.8236 1.8740 399.61 200.00 GMRT band3
59196.535706 8.997099 inf inf 0.1146 0.4196 2.1765 1360.10 200.00 GMRT band5
59208.283159 8.996910 0.000077 4.03 10.5920 11.0184 1.9060 879.85 400.00 GMRT band3+5
59208.283159 8.996905 0.000079 4.22 8.7990 4.1668 1.7280 399.61 200.00 GMRT band3
59208.283159 8.922859 inf inf 17.4739 17.3150 19.4365 1360.10 200.00 GMRT band5
59217.376736 8.997148 0.000092 11.64 12.5325 8.3636 1.0000 879.85 400.00 GMRT band3+5
59217.376736 8.997140 0.000105 12.73 6.8993 6.2920 0.9100 399.61 200.00 GMRT band3
59217.376736 8.994996 inf inf 0.6065 0.5032 2.2045 1360.10 200.00 GMRT band5
59238.429919 8.997087 0.000110 8.05 11.1484 5.4690 1.8795 879.86 400.00 GMRT band3+5
59238.429919 8.997041 0.000123 8.40 6.0118 4.0873 1.8505 399.62 200.00 GMRT band3
59238.429919 8.975913 inf inf 5.0688 5.3960 5.1965 1360.11 200.00 GMRT band5
59252.229166 8.997199 0.000097 3.12 19.1052 20.7786 2.3990 879.86 400.00 GMRT band3+5
59252.229166 8.997191 0.000099 3.20 6.1365 4.6828 2.3640 399.62 200.00 GMRT band3
59252.229166 8.859732 inf inf 32.2383 32.1469 16.3345 1360.11 200.00 GMRT band5
59264.218113 8.997657 0.000122 9.69 7.5903 7.6110 1.4740 879.86 400.00 GMRT band3+5
59264.218113 8.997647 0.000127 10.25 5.2397 5.6241 1.3980 399.62 200.00 GMRT band3
59264.218113 9.055344 inf inf 13.5065 13.4907 12.8745 1360.11 200.00 GMRT band5
59272.211979 8.996715 0.000845 4.24 1070.8198 1071.5479 23.6150 879.86 400.00 GMRT band3+5
59272.211979 8.996717 0.000646 2.03 38.6147 38.7856 22.7290 399.62 200.00 GMRT band3
59272.211979 3.348528 inf inf 1321.1350 1320.9305 144.9105 1360.11 200.00 GMRT band5
59281.131076 8.996971 0.000096 6.00 16.5258 14.0264 2.0880 879.86 400.00 GMRT band3+5
59281.131076 8.996935 0.000106 6.30 9.5537 5.1365 1.8695 399.62 200.00 GMRT band3
59281.131076 9.043674 inf inf 10.7779 10.9225 25.1000 1360.11 200.00 GMRT band5
59288.136632 8.996839 0.000086 2.26 11.2725 4.7833 2.3505 879.86 400.00 GMRT band3+5
59288.136632 8.996737 0.000089 1.88 8.8152 2.6535 2.3195 399.62 200.00 GMRT band3
59288.136632 9.060685 inf inf 14.7568 14.9321 9.0650 1360.11 200.00 GMRT band5
59301.087442 8.996787 0.000107 9.62 10.6952 5.1482 1.6640 879.86 400.00 GMRT band3+5
59301.087442 8.996742 0.000121 10.03 9.7585 5.1460 1.4640 399.62 200.00 GMRT band3
59301.087442 8.957885 inf inf 9.2865 9.0990 6.7035 1360.11 200.00 GMRT band5
59309.103877 8.997157 0.000113 10.67 12.4642 9.9366 1.9865 879.86 400.00 GMRT band3+5
59309.103877 8.997120 0.000143 11.46 9.3877 6.7450 1.8430 399.62 200.00 GMRT band3
59309.103877 8.990112 inf inf 1.7488 1.6479 2.0875 1360.11 200.00 GMRT band5
59349.147338 8.997036 0.000077 4.57 12.2597 7.6042 1.6700 879.67 400.00 GMRT band3+5
59349.147338 8.997016 0.000101 4.93 7.9782 4.6904 1.5090 399.23 200.00 GMRT band3
59349.147338 8.989908 inf inf 1.7967 1.6674 1.9120 1360.11 200.00 GMRT band5
59360.157350 8.996608 0.000130 2.49 22.5519 12.1613 4.0185 879.67 400.00 GMRT band3+5
59360.157350 8.996443 0.000131 2.02 11.3513 6.8734 3.9100 399.23 200.00 GMRT band3
59360.157350 8.976617 inf inf 4.9056 4.6760 9.8155 1360.11 200.00 GMRT band5
59380.976446 8.996809 0.000095 9.66 14.0956 6.7868 1.5740 879.67 400.00 GMRT band3+5
59380.976446 8.996739 0.000103 9.41 10.9782 4.4841 1.4960 399.23 200.00 GMRT band3
59380.976446 8.997613 inf inf 0.0054 0.1882 2.3270 1360.11 200.00 GMRT band5
59391.862558 8.996990 0.000111 18.44 10.6972 7.7133 1.1465 879.67 400.00 GMRT band3+5
59391.862558 8.996981 0.000127 19.94 8.6125 6.0097 1.1135 399.23 200.00 GMRT band3
59391.862558 9.003396 inf inf 1.3581 1.0543 2.4100 1360.11 200.00 GMRT band5
59441.753298 8.996935 0.000102 16.21 13.2908 8.5157 1.3110 879.66 400.00 GMRT band3+5
59441.753298 8.996933 0.000107 17.59 9.0426 6.1096 1.1250 399.22 200.00 GMRT band3
59441.753298 8.986736 inf inf 2.5382 2.3852 13.7960 1360.10 200.00 GMRT band5
59449.702141 8.996964 0.000132 19.78 12.9526 11.1570 1.7370 879.66 400.00 GMRT band3+5
59449.702141 8.996903 0.000165 21.07 8.5898 6.0616 1.6575 399.22 200.00 GMRT band3
59449.702141 8.983048 inf inf 3.4007 3.2543 2.2415 1360.10 200.00 GMRT band5
59460.694097 8.997122 0.000148 9.48 7.8491 4.7885 1.8080 399.22 200.00 GMRT band3
59469.652604 8.997059 0.000160 15.13 13.2727 10.5022 1.7300 879.66 400.00 GMRT band3+5
59469.652604 8.997061 0.000220 16.39 10.8219 8.5654 1.6330 399.22 200.00 GMRT band3
59469.652604 8.994744 inf inf 0.6653 0.5412 2.0920 1360.10 200.00 GMRT band5
59489.674826 8.996934 0.000109 12.95 12.1442 6.7950 1.5385 879.66 400.00 GMRT band3+5
59489.674826 8.996883 0.000131 13.83 7.6269 4.7931 1.4500 399.22 200.00 GMRT band3
59489.674826 8.993110 inf inf 1.0475 0.8943 2.1125 1360.10 200.00 GMRT band5
59496.597280 8.997041 0.000076 3.20 9.1222 5.6112 2.2650 879.66 400.00 GMRT band3+5
59496.597280 8.997012 0.000099 3.44 6.8794 4.2562 2.1875 399.22 200.00 GMRT band3
59496.597280 8.996971 inf inf 0.1446 0.0163 2.8780 1360.10 200.00 GMRT band5
