58260.001331 13.302873 0.000218 0.27 12.1288 13.3093 16.7090 929.95 200.00 GMRT band3+5
58260.001331 13.305636 0.000970 0.13 11.1961 12.4132 16.7890 449.95 100.00 GMRT band3
58260.001331 13.316406 inf inf 1.5985 1.4577 6.9925 1409.95 100.00 GMRT band5
58276.862500 13.300508 0.000567 0.25 108.7734 113.4312 37.3000 929.95 200.00 GMRT band3+5
58276.862500 13.312511 0.002849 0.06 21.6039 23.2846 41.5055 449.95 100.00 GMRT band3
58276.862500 13.349013 0.009090 0.00 3.5783 3.6558 23.9130 1409.95 100.00 GMRT band5
58291.790567 13.317012 0.004802 0.01 1.2226 0.6917 6.0500 1409.95 100.00 GMRT band5
58307.755787 13.304113 0.001781 0.17 77.7402 252.9933 198.4570 929.95 200.00 GMRT band3+5
58307.755787 13.150289 inf inf 8.3547 8.9405 9.7790 1409.95 100.00 GMRT band5
58322.689641 13.302819 0.000291 0.49 15.7998 9.8737 13.7750 929.95 200.00 GMRT band3+5
58322.689641 13.304920 0.002010 0.55 17.3459 11.0642 17.0960 449.95 100.00 GMRT band3
58322.689641 13.351838 0.015477 0.05 3.7326 3.6631 8.4990 1409.95 100.00 GMRT band5
58340.656134 13.303040 0.000520 0.69 27.0295 27.8356 24.8160 929.95 200.00 GMRT band3+5
58340.656134 13.298483 0.003191 0.77 26.2685 26.1766 26.1670 449.95 100.00 GMRT band3
58340.656134 13.324353 0.002930 0.00 2.2483 2.0774 15.9510 1409.95 100.00 GMRT band5
58355.612558 13.303032 0.000183 0.31 11.5109 13.8608 12.7470 929.95 200.00 GMRT band3+5
58355.612558 13.303208 0.001475 0.43 11.9104 14.7111 13.2910 449.95 100.00 GMRT band3
58355.612558 13.332010 0.019618 0.15 3.6207 3.5838 6.4740 1409.95 100.00 GMRT band5
58371.608738 13.303964 0.002215 1.93 148.0995 145.9931 44.7110 929.95 200.00 GMRT band3+5
58371.608738 13.398854 0.275990 2.05 47.7401 30.9678 28.5190 1409.95 100.00 GMRT band5
58389.461458 13.302570 0.000409 0.45 18.4059 20.6062 18.3290 929.95 200.00 GMRT band3+5
58389.461458 13.299476 0.000698 0.06 7.0320 9.0043 24.2370 449.95 100.00 GMRT band3
58389.461458 13.429727 0.046459 0.19 11.0928 12.6388 15.6020 1409.95 100.00 GMRT band5
58453.343924 13.300187 0.007962 2.34 1294.8388 1671.2992 420.0730 929.95 200.00 GMRT band3+5
58453.343924 13.566774 0.017734 0.03 19.2439 19.7629 13.9400 1409.95 100.00 GMRT band5
58467.330151 13.298530 0.001780 0.96 628.9137 1563.3905 79.1930 929.95 200.00 GMRT band3+5
58467.330151 13.276341 inf inf 2.7117 1.9436 9.5875 1409.95 100.00 GMRT band5
58481.313599 13.302570 0.000977 0.78 37.5851 19.2735 27.9040 929.95 200.00 GMRT band3+5
58481.313599 13.307617 0.001164 0.04 18.4457 15.8591 32.2320 449.95 100.00 GMRT band3
58481.313599 13.186121 0.214920 1.69 55.0421 18.5605 24.8430 1409.95 100.00 GMRT band5
58510.256482 13.305807 0.000597 0.10 61.4882 185.5518 49.9325 929.95 200.00 GMRT band3+5
58510.256482 13.312610 0.005498 0.05 20.2418 79.0319 96.0550 449.95 100.00 GMRT band3
58510.256482 13.273549 0.027236 0.13 4.7278 4.9358 9.0370 1409.95 100.00 GMRT band5
58524.200289 13.303549 0.000578 0.65 19.0976 15.4078 19.3285 929.95 200.00 GMRT band3+5
58524.200289 13.308457 0.000331 0.01 21.7043 15.8273 24.1260 449.95 100.00 GMRT band3
58524.200289 13.397017 0.058244 0.59 18.3039 18.0514 14.0245 1409.95 100.00 GMRT band5
58538.137558 13.244626 0.008955 0.00 4.9163 1.0445 15.5060 1409.95 100.00 GMRT band5
58552.196354 13.302601 0.000197 0.37 13.0560 13.3521 10.8330 929.95 200.00 GMRT band3+5
58552.196354 13.304936 0.001297 0.30 10.4381 8.4981 11.3900 449.95 100.00 GMRT band3
58552.196354 13.278206 0.030777 0.25 4.1011 18.0073 8.8605 1409.95 100.00 GMRT band5
58413.546817 13.289384 0.004172 458.90 1769.8106 1584.8628 156.7740 879.66 400.00 GMRT band3+5
58413.546817 13.120866 0.085849 462.04 1741.3564 1551.1003 185.3580 399.22 200.00 GMRT band3
58413.546817 13.327139 0.002315 0.03 5.7678 8.4480 5.1720 1360.10 200.00 GMRT band5
58431.490162 13.175576 0.008091 440.09 1648.7044 1298.7757 180.5110 879.66 400.00 GMRT band3+5
58431.490162 13.315877 0.046259 327.76 1584.9549 1266.7672 220.5600 399.22 200.00 GMRT band3
58431.490162 13.318304 0.010858 0.13 3.1824 30.3584 9.0425 1360.10 200.00 GMRT band5
58781.448727 13.302717 0.000536 3.99 48.3797 40.4952 8.3865 879.95 400.00 GMRT band3+5
58781.448727 13.301622 0.000828 3.95 10.0261 8.9946 6.0950 399.80 200.00 GMRT band3
58781.448727 13.280748 0.007288 0.05 5.0199 5.2699 13.0530 1360.10 200.00 GMRT band5
58792.445891 13.302661 0.000229 2.11 24.6226 36.2353 6.4085 879.95 400.00 GMRT band3+5
58792.445891 13.301533 0.000364 1.20 13.9416 6.4820 7.5230 399.80 200.00 GMRT band3
58792.445891 13.273229 0.001635 0.00 5.1088 5.2467 5.8160 1360.10 200.00 GMRT band5
58804.348553 13.302521 0.000130 0.56 7.1096 11.9776 5.5780 879.95 400.00 GMRT band3+5
58804.348553 13.302523 0.000250 0.75 8.4114 5.4142 4.5750 399.80 200.00 GMRT band3
58804.348553 13.308757 0.002471 0.01 1.4434 1.3316 6.3920 1360.10 200.00 GMRT band5
58833.260070 13.302286 0.000088 0.87 9.9123 11.9097 4.2070 879.95 400.00 GMRT band3+5
58833.260070 13.302191 0.000168 0.85 7.0490 3.9856 3.6380 399.80 200.00 GMRT band3
58833.260070 13.319809 0.009003 0.57 5.4678 5.2447 4.6625 1360.10 200.00 GMRT band5
58844.197396 13.302407 0.000145 1.97 13.7757 32.5918 4.4050 879.95 400.00 GMRT band3+5
58844.197396 13.302856 0.000259 1.81 12.6980 8.2929 4.5210 399.80 200.00 GMRT band3
58844.197396 13.307696 0.000383 0.00 1.6303 1.4044 4.4050 1360.10 200.00 GMRT band5
58854.146759 13.301972 0.000641 2.58 16.9531 14.5607 5.0900 399.80 200.00 GMRT band3
58865.199826 13.301989 0.000344 2.80 116.8396 118.2224 6.8410 879.95 400.00 GMRT band3+5
58865.199826 13.302114 0.000256 1.49 9.5002 7.0955 6.1640 399.80 200.00 GMRT band3
58865.199826 12.602204 0.289100 1.96 127.4400 128.9683 60.0915 1360.10 200.00 GMRT band5
58874.048727 13.302212 0.000955 34.79 2202.3611 2202.8466 5.3420 879.95 400.00 GMRT band3+5
58874.048727 13.302331 0.000227 1.95 11.0462 7.5310 4.4675 399.80 200.00 GMRT band3
58874.048727 8.253449 inf inf 2673.8360 2154.4770 459.5670 1360.10 200.00 GMRT band5
58893.083391 13.302558 0.000225 1.84 12.6240 3.8350 4.6190 399.80 200.00 GMRT band3
58903.078530 13.302303 0.000237 2.41 13.9061 16.6858 5.6550 879.95 400.00 GMRT band3+5
58903.078530 13.302114 0.000375 2.89 11.7056 12.6522 5.1235 399.80 200.00 GMRT band3
58903.078530 13.305641 0.001936 0.01 1.0980 0.9243 8.2010 1360.10 200.00 GMRT band5
58914.182928 13.302278 0.000309 1.22 161.5474 1340.8222 10.2270 879.95 400.00 GMRT band3+5
58914.182928 13.302053 0.000416 1.42 14.1968 14.8643 6.0050 399.80 200.00 GMRT band3
58914.182928 13.320737 0.003102 0.00 5.3739 5.2056 15.1580 1360.10 200.00 GMRT band5
58922.142535 13.301921 0.000097 0.46 16.6077 15.3131 4.9005 879.95 400.00 GMRT band3+5
58922.142535 13.301467 0.000298 0.44 9.9597 11.9010 4.3490 399.80 200.00 GMRT band3
58922.142535 13.315010 0.003845 0.03 2.4841 2.3676 4.9300 1360.10 200.00 GMRT band5
59349.043692 13.301064 0.000512 28.59 25.3589 26.1588 2.8875 879.67 400.00 GMRT band3+5
59349.043692 13.300894 0.000668 35.92 20.2688 21.8434 2.5260 399.23 200.00 GMRT band3
59349.043692 13.367890 0.001236 0.00 10.6991 10.7871 6.6810 1360.11 200.00 GMRT band5
59360.039641 13.302421 0.000834 39.00 71.1043 71.4800 2.9000 879.67 400.00 GMRT band3+5
59360.039641 13.302624 0.001034 46.02 31.2875 24.3640 2.8460 399.23 200.00 GMRT band3
59360.039641 13.282103 inf inf 4.8090 5.0230 8.8285 1360.11 200.00 GMRT band5
59370.871470 13.302198 0.000379 17.50 1388.6935 372.3792 5.2950 879.67 400.00 GMRT band3+5
59370.871470 13.303678 0.000668 14.73 19.3302 14.6477 4.8830 399.23 200.00 GMRT band3
59370.871470 13.311658 0.009343 0.43 3.9256 3.7030 5.3635 1360.11 200.00 GMRT band5
59380.863599 13.301157 0.000330 22.83 15.7247 15.7127 2.8820 879.67 400.00 GMRT band3+5
59380.863599 13.301005 0.000436 29.70 13.4553 13.4701 2.3100 399.23 200.00 GMRT band3
59380.863599 13.314603 0.012204 0.43 4.2956 4.2974 7.0595 1360.11 200.00 GMRT band5
59391.765046 13.300537 0.000330 10.17 26.7264 48.2655 2.8650 879.67 400.00 GMRT band3+5
59391.765046 13.300344 0.000388 11.08 13.3883 16.4375 2.6410 399.23 200.00 GMRT band3
59391.765046 13.288396 inf inf 3.2523 3.0021 7.2645 1360.11 200.00 GMRT band5
59403.835417 13.276098 0.001233 0.00 6.7250 0.2416 5.5360 1360.11 200.00 GMRT band5
59425.728183 13.300932 0.000499 63.04 69.2258 61.8604 3.3885 879.66 400.00 GMRT band3+5
59425.728183 13.300629 0.000767 86.56 18.6412 17.9301 2.2835 399.22 200.00 GMRT band3
59425.728183 13.335762 0.017094 1.37 9.7137 9.9324 5.1505 1360.10 200.00 GMRT band5
59441.608044 13.300925 0.000301 15.29 78.6331 73.0018 3.0120 879.66 400.00 GMRT band3+5
59441.608044 13.300700 0.000421 19.00 10.3775 10.1370 2.5630 399.22 200.00 GMRT band3
59441.608044 13.263162 0.027837 1.42 12.0608 12.0031 6.9305 1360.10 200.00 GMRT band5
59449.587095 13.302483 0.000518 26.67 864.4026 825.5205 3.4880 879.66 400.00 GMRT band3+5
59449.587095 13.303077 0.000648 26.10 15.2279 14.7629 3.2470 399.22 200.00 GMRT band3
59449.587095 13.305390 inf inf 0.9497 0.2757 6.3285 1360.10 200.00 GMRT band5
59460.592477 13.299896 0.000983 15.48 26.1868 22.7481 9.8560 399.22 200.00 GMRT band3
59468.490220 13.281898 0.001181 176.68 1891.9469 83.6105 3.3420 879.66 400.00 GMRT band3+5
59468.490220 13.280861 0.001227 160.07 178.1926 48.6824 3.1805 399.22 200.00 GMRT band3
59468.490220 13.371053 0.015131 0.09 9.6822 12.6379 11.2600 1360.10 200.00 GMRT band5
59469.548553 13.301327 0.000671 64.18 56.8909 60.2248 5.5290 879.66 400.00 GMRT band3+5
59469.548553 13.301479 0.001193 85.23 33.3330 16.2142 3.5425 399.22 200.00 GMRT band3
59469.548553 13.316094 0.010389 0.43 4.3087 4.4211 6.3760 1360.10 200.00 GMRT band5
59489.566493 13.301895 0.000476 30.27 52.3161 47.1488 2.9190 879.66 400.00 GMRT band3+5
59489.566493 13.302047 0.000628 39.24 16.4820 14.8388 2.7700 399.22 200.00 GMRT band3
59489.566493 13.327849 0.024500 1.40 11.2726 11.0282 9.2185 1360.10 200.00 GMRT band5
59496.522049 13.302270 0.002114 69.21 44.9304 653.4800 4.0595 399.22 200.00 GMRT band3
